32768
    5.88
    3.42
    3.97
   -9.27
    7.79
   -6.40
    6.27
   -0.57
    8.64
   -9.37
    8.49
   -8.03
    3.04
   -2.56
    5.45
   -1.16
    6.73
    4.05
    9.09
    5.84
    0.86
   -1.78
   -1.38
   -0.53
    0.57
    8.04
    0.13
    9.08
   -1.95
    6.31
    5.46
   -3.96
    9.90
    6.80
    0.62
   -0.27
   -1.10
    2.49
   -6.60
   10.31
    0.08
   -4.44
   10.47
   -1.48
    1.37
    9.27
   -6.14
   -7.76
    8.31
   11.85
    6.75
    9.99
    3.45
    2.07
   -1.38
    1.29
    9.86
    6.82
   -0.08
    3.86
    9.28
    0.49
   -4.07
    7.71
    4.36
   -3.66
   10.12
   -3.82
   -4.48
   -0.42
    6.83
   -6.29
    2.03
   -7.57
    3.36
   10.64
   -2.48
    1.06
    1.39
   -5.24
    9.92
   -5.66
    7.82
   -0.19
   -4.39
    4.59
   -5.04
    0.83
   -1.83
   -0.04
   10.11
    6.37
    1.30
   -0.98
    4.44
   -2.37
    6.28
   -3.08
   -8.57
    4.38
    3.62
   -6.36
    4.47
    7.87
    9.32
   -6.05
    3.95
    0.51
   -4.73
    9.40
    3.73
   -7.50
    4.20
   -7.93
    6.95
   -4.69
   -1.06
   -9.79
    1.18
   -8.02
   -4.05
   -4.16
    3.10
    4.41
   -6.51
   -5.87
    2.30
    7.47
    3.89
    4.66
   -5.25
   -0.12
    0.30
    4.64
   -4.64
    2.16
    7.92
    3.95
    0.13
   -8.66
  -10.59
    1.96
    7.60
    2.49
   -5.16
   -3.55
  -10.38
    7.31
    5.86
   -5.83
    1.60
   -0.65
    4.44
   -6.55
    1.99
   -3.62
   -4.19
  -11.44
   -8.64
  -10.63
   -4.10
    6.03
    0.64
  -11.46
   -7.00
    2.82
   -1.22
   -3.81
   -6.01
   -3.67
  -10.11
   -3.60
    4.78
   -3.67
  -10.33
   -8.32
   -4.75
  -11.23
   -8.81
   -3.60
   -1.52
    1.40
   -9.87
   -2.81
   -5.63
    1.35
   -0.64
   -9.90
    7.65
   -5.50
    2.82
    4.80
   -9.69
   -3.18
   -1.10
    5.44
   -1.71
    7.52
    3.13
   -1.40
   -7.34
   -5.95
    0.19
   -2.06
   -4.89
   -0.94
   -4.54
   -4.12
    7.82
   -0.86
   -4.25
   -7.98
    7.75
    5.58
    9.54
    8.48
    5.25
   -3.20
   -3.49
    2.19
   -2.90
   -7.19
   -3.45
    3.91
    3.81
    1.50
    8.01
   -5.67
    1.48
    6.82
    5.47
    6.75
   -2.13
    8.78
    6.75
    6.94
    2.94
    5.42
   -0.65
   -0.27
    3.70
    6.52
   -3.69
   -7.58
   -6.53
    9.33
   11.43
    5.16
    5.60
    6.09
    3.73
   -1.78
    1.32
   -6.55
    1.55
    6.05
    2.26
   -6.28
   -4.31
    8.23
   -2.87
   -1.89
   -7.72
    7.40
   -7.07
    1.68
   -5.25
    3.93
    0.35
    0.34
    5.26
   -2.48
    3.73
   -0.43
   -4.37
    5.67
    5.30
    5.11
   -2.62
    9.11
   -6.17
    5.51
    1.45
   -6.06
    7.60
   -3.45
   -2.94
    0.74
    1.80
   -2.52
    0.03
   10.59
   10.29
    9.24
    0.51
   -2.12
   -8.27
    4.47
    0.04
    0.09
   10.13
   -0.55
    7.98
   -5.69
   -0.38
   -2.16
    7.33
   10.79
    3.86
   -3.62
   -0.06
   -6.74
   -0.50
    2.44
    1.13
   -3.84
   -5.60
   -6.60
   -6.51
    8.74
    9.80
    7.98
   -9.65
   -3.95
   -2.80
   -0.65
   -1.60
    6.76
   -0.53
    0.22
  -10.23
   -2.10
    6.36
  -10.31
   -6.49
    6.51
   -5.64
   -7.83
   -3.65
   -1.96
    0.97
   -2.13
    2.95
    1.75
    3.36
   -4.52
    5.44
    2.94
   -8.67
    6.49
   -7.65
    1.96
    4.72
   -8.45
    7.00
   -9.65
    5.17
   -1.43
    5.14
   -6.43
   -7.74
    2.82
    1.96
   -9.27
   -6.02
  -11.18
   -1.32
    1.27
    1.65
    4.09
   -1.70
  -11.65
   -0.86
   -5.14
    0.72
  -10.74
   -3.40
   -6.37
    7.46
    2.61
   -1.69
  -11.48
    5.46
    2.45
   -4.80
    4.58
    0.51
  -10.74
   -8.47
    7.00
  -10.13
    7.74
   -3.91
   -3.91
    4.40
    1.66
    7.61
    4.22
  -10.06
   -4.71
    4.74
    4.62
   -1.78
   -7.95
   -9.74
    2.00
   -3.05
   -0.29
   -0.28
   -4.84
  -10.51
   -7.24
    4.43
    1.35
   -6.32
    1.38
   -1.10
   -7.46
   -9.70
   -2.50
    2.53
   -6.32
   -9.32
    7.63
    5.79
   -7.37
   -6.26
    2.58
   -9.33
   -7.89
    2.52
   -5.93
   -4.35
   -6.45
    9.94
    8.20
   -5.10
    2.67
    4.03
    5.80
    1.90
    7.05
    2.49
   -0.35
    7.49
   -4.44
    6.62
   -1.39
    2.25
    9.63
    4.63
    8.58
   -6.79
   -3.57
   -5.61
    0.34
    5.02
   -6.12
   -4.54
   -5.70
   -4.52
   -2.42
    0.52
   -7.94
   -4.64
   -0.34
   -3.74
    4.95
    2.71
    9.31
    3.47
    9.32
    1.50
    5.43
    6.72
   -1.20
   -5.44
   11.03
    3.20
    3.42
    1.05
   -0.55
    1.15
    5.52
    8.11
    2.61
   -2.54
    2.68
    7.15
   11.01
    4.80
    7.37
    4.18
   -4.37
   -1.95
   -6.37
   -5.17
    1.74
   10.07
    0.48
   -6.46
    4.57
    6.99
    2.35
    7.19
   -3.17
   -7.27
   -3.85
    3.17
   -1.88
   -7.09
   -4.40
    1.69
   -3.74
    8.24
    2.00
    2.57
   10.39
    7.16
    2.20
   -3.64
    6.08
    7.93
    3.30
    9.88
   -7.81
    0.13
   -5.80
   -3.92
    9.67
   -4.66
    4.16
   -1.72
    2.25
   -2.50
    8.11
   -1.18
   -1.08
    2.35
    8.86
    2.08
   -1.53
   -3.53
    6.22
    1.88
    5.59
    5.51
    3.01
    3.15
    9.22
    2.00
   -2.17
    8.15
   -7.56
    2.29
   -5.15
   -3.02
    4.51
    3.10
    0.42
   -7.63
    4.56
    7.28
   -3.50
   -0.94
    7.29
  -10.98
    1.02
    7.35
    0.57
  -11.52
    5.15
   -8.89
    4.70
    5.58
   -2.63
   -9.77
    3.91
    3.51
    4.41
    7.27
   -0.69
   -8.70
   -0.82
  -11.28
   -5.91
   -4.06
    5.46
    0.41
    0.33
   -6.22
  -10.54
    7.40
   -2.12
   -8.57
  -11.65
  -11.67
   -5.07
    5.86
    5.64
   -6.09
    0.63
   -5.95
    3.29
    0.06
   -0.57
    1.89
    0.93
    5.20
   -2.54
    2.53
   -8.23
    2.07
   -9.40
   -5.98
    5.49
   -6.17
    4.57
    6.45
    7.94
    4.55
   -3.16
    8.38
    7.76
   -5.84
   -9.57
    2.59
   -0.17
    7.65
  -10.47
    1.39
   -4.38
    8.69
    7.08
   -8.93
   -9.48
    7.69
   -5.81
   -4.03
   -2.25
   -5.83
    1.37
   -8.30
   -0.49
    3.49
    1.76
   -2.14
    4.75
    7.98
    6.16
    0.15
    3.90
    2.53
   -0.10
   -8.23
   -9.50
   -5.64
   -8.34
    4.26
   -0.35
    7.32
    4.15
   -2.31
   -6.63
   10.57
   -3.39
    0.26
    2.84
    1.53
    9.28
    7.17
   -2.54
   -6.72
   -0.43
    9.02
   10.90
   -3.71
    0.42
   -0.53
   -6.12
    4.66
   10.15
   -7.66
    3.94
   -3.51
    4.47
   -2.04
    1.98
   -1.18
    0.25
    9.14
    5.86
    6.94
    1.19
    6.22
   10.61
    7.89
   -4.64
   11.77
    5.73
   -1.34
   -5.41
    4.42
   -0.67
    8.37
    5.78
    2.23
   -0.98
   -4.81
    4.05
    5.42
   -0.21
    7.34
   -2.17
    8.40
    8.76
   -1.27
   -4.31
   11.19
   -3.22
    8.73
    5.18
    0.33
    6.88
   -3.51
   -6.48
    8.97
    9.65
   -0.45
    0.06
    6.49
   -4.56
    6.87
   10.78
    7.48
   -6.52
   -3.83
    4.49
    9.98
    7.87
    5.73
    1.11
   -6.74
    0.38
   10.53
    1.56
    4.81
   10.21
   -7.31
    9.83
    6.86
    0.63
   -3.58
    6.66
   -7.86
    2.38
   -2.73
    5.25
   -0.88
    4.08
   -4.27
   -1.24
   -3.46
   -0.59
    5.25
  -10.22
    7.39
    1.28
    4.65
   -8.42
    2.21
   -7.28
    4.84
   -8.70
   -8.21
    4.80
   -0.01
    4.96
  -10.73
   -8.69
   -7.01
   -5.61
   -8.51
   -9.57
    5.38
   -3.99
  -10.04
    3.09
    1.58
   -8.49
    0.90
   -1.56
   -2.46
   -9.61
    4.94
   -3.97
    3.72
   -5.67
    5.97
   -5.14
   -7.49
   -6.45
   -0.50
   -0.52
   -0.04
    4.93
    0.39
   -7.28
   -8.07
    2.03
   -0.17
    5.46
    4.57
    7.06
    1.89
   -6.76
  -10.78
   -5.37
  -10.74
  -10.25
   -8.26
   -2.57
  -11.53
    7.17
   -4.02
    3.72
    4.50
   -6.66
    1.91
   -3.15
   -5.35
   -4.04
    8.01
    6.45
   -8.07
    3.51
    7.97
    1.64
    7.69
   -6.91
   -8.20
   -3.96
    3.79
   -4.82
    1.47
   -5.28
    3.92
    5.24
   -9.36
   -7.01
   -5.49
   -7.85
   -1.01
   -3.00
    4.88
   -6.41
   -9.13
   -3.62
   -3.15
    8.29
    8.25
   -1.47
   -6.33
   -4.94
    8.17
   -4.95
   -1.71
    8.87
   -5.55
    9.79
   -8.87
    3.58
   -6.15
   -1.06
   -2.86
   -8.24
    6.54
   -7.06
   -7.81
   -8.71
    1.02
   10.26
   -1.09
    8.73
    3.37
   -6.93
    1.96
    9.83
   10.88
   -5.20
   -7.52
    6.63
    0.03
    9.49
   -7.86
   -8.39
   -1.04
   -6.86
    6.40
    8.67
   -5.90
    6.85
   -2.79
   11.00
    1.42
   -8.09
    5.09
   -4.26
   11.84
    6.59
   10.63
    5.64
    1.20
   -4.91
    5.18
    7.54
   -5.53
   -1.97
    1.19
   -2.32
   -5.63
   -4.83
   11.65
    3.93
    4.44
    9.68
    9.16
   -5.02
   -3.65
    4.49
   -5.85
    6.15
   11.69
    0.48
    2.63
   -7.59
    8.13
    6.44
    3.25
   -1.98
   -0.13
   11.07
   -6.28
   -6.88
    2.56
    6.71
    6.66
    7.27
   -7.45
   -4.98
   -5.20
    9.72
   10.54
    4.53
    5.49
    6.73
   -0.45
   10.08
   -5.24
    5.57
    7.36
    4.00
   10.52
   -4.38
    3.18
    9.43
   -4.69
   -3.93
   -1.12
    5.24
   -1.60
    0.78
    4.41
   -7.04
    7.17
    9.79
    7.78
   -4.35
    7.98
   -2.12
    9.22
   -1.54
    6.33
  -10.14
   -0.13
    1.23
   -3.55
   -7.22
   -5.24
   -7.11
   -9.73
   -4.91
   -9.76
   -2.23
   -4.32
    2.62
   -4.33
    3.69
   -5.70
    1.35
  -10.38
    2.11
    8.46
   -2.77
   -9.71
  -10.07
    7.72
    2.69
   -9.48
    3.37
    4.66
    0.26
    6.91
   -6.39
   -9.91
   -7.29
   -6.44
   -5.73
   -2.40
   -9.53
   -9.97
   -9.07
    7.52
    5.65
   -6.30
    2.30
    0.22
    3.02
    6.60
    3.48
  -11.14
   -2.16
    6.46
    0.97
    1.37
   -9.36
   -7.71
  -10.44
    1.98
  -11.21
   -5.79
    1.14
    2.02
    4.96
   -2.27
   -4.62
   -9.96
    2.50
   -7.62
    2.20
   -8.47
   -2.33
   -5.27
    6.30
    7.70
  -11.27
   -4.27
    3.33
    3.93
    1.87
    2.54
   -1.85
   -2.61
    4.20
    4.63
   -5.22
   -5.87
   -6.72
   -5.79
    8.40
    5.54
   -6.13
   -8.77
    9.08
   -5.83
   -8.59
    2.61
    7.45
   -1.09
   -7.77
    5.82
   -7.69
    9.52
    0.96
    6.94
    9.91
    0.70
    4.48
    3.02
   -4.63
   -4.73
   -7.03
   -1.20
    5.78
    6.96
    7.78
    7.97
    5.23
   -7.57
    6.09
    8.52
   -8.24
    2.72
   -7.40
    2.72
   -3.88
    4.12
    7.87
   11.37
    2.46
   -1.71
    3.84
   -7.61
    0.85
   -8.09
   -4.06
   -6.14
    1.72
    5.53
    2.21
   11.42
    2.07
   -8.01
   -0.68
   -0.04
   -6.25
   -5.95
    5.36
    9.84
    3.43
   11.47
   -0.36
   -2.66
   -5.48
    7.49
    9.22
   -0.44
    0.94
    4.62
   -7.56
    3.66
    2.86
   -0.19
    9.21
    0.53
   -5.85
    9.08
    8.33
   -7.22
   -8.16
   11.42
    1.49
    7.08
   -2.59
    2.16
   -5.66
    1.04
   -0.05
    5.60
    4.24
   -5.86
   11.15
   -2.88
   -4.91
   -6.54
    2.33
    4.61
   -1.14
    3.42
   -6.90
   -0.70
   -5.91
   10.08
    2.12
    5.96
   -8.75
    9.78
    9.56
    2.48
   -5.03
   -7.87
    1.58
   -1.23
   -6.92
    7.40
    6.62
    5.10
    2.71
    8.29
   -6.54
   -0.15
    2.99
   -3.96
    1.41
    6.48
    4.93
    0.96
   -7.87
   -9.91
    7.89
    7.30
   -6.56
    3.11
   -6.88
   -7.49
    4.96
   -9.38
    4.13
   -9.12
   -4.32
    4.83
    3.87
   -8.48
    3.41
   -0.89
   -1.14
    0.79
    5.97
   -8.81
    0.14
   -0.97
   -5.55
    6.00
   -8.82
    1.65
   -1.82
    7.61
   -7.48
   -5.25
   -8.32
   -9.25
   -6.55
   -5.10
   -6.54
    1.63
    0.43
    3.41
    6.64
   -1.92
   -7.51
    5.03
   -8.47
   -0.80
   -6.57
    0.90
    0.03
   -5.77
   -9.11
    5.92
    1.92
    0.92
   -7.57
    0.56
   -6.99
    3.22
  -11.78
    6.98
   -4.81
   -1.72
   -9.06
   -0.52
   -1.64
    3.05
    2.27
   -0.54
   -5.80
  -10.08
   -3.64
    4.66
   -8.17
    2.05
   -9.71
    2.73
    5.37
   -2.15
   -8.81
   -0.67
    3.32
   -4.99
   -9.63
   -9.56
  -10.09
    3.74
   -5.71
    9.17
    8.18
   -0.47
    2.46
   -3.16
   -4.92
    5.15
    2.10
    8.57
   -1.61
   -7.80
    9.82
    3.03
    5.46
   -8.19
   10.00
    6.87
   -6.09
    4.91
    0.22
    3.18
   -5.83
    1.80
   -6.56
   -5.38
   -6.15
    1.05
    7.12
   10.78
   -5.88
   -2.12
    9.21
    9.87
    7.77
   -8.21
   11.00
    4.93
    9.29
    3.71
   -3.22
    4.31
    6.86
   -7.65
    0.57
   -3.43
    6.00
    0.09
   -0.54
    9.67
   -4.67
   -1.82
   -5.95
   -5.29
    4.07
    1.24
    5.68
    3.86
    1.50
    1.30
    0.42
   -7.27
    8.17
   11.02
   10.22
   -2.77
    9.15
    6.48
    0.63
   -5.42
   -0.98
   -0.82
   -4.45
   -1.11
    8.76
    7.55
    8.88
    1.04
    4.63
   -2.33
   -7.06
    2.90
    8.73
    3.58
   -6.12
   -3.99
   11.60
   -3.21
    3.84
   -5.46
    6.63
   -4.79
    0.09
   -7.29
   -3.67
    1.52
    1.03
   -3.45
    0.50
    0.82
    8.95
   -0.02
   -3.72
    7.75
    9.91
   -4.61
    0.05
   -7.14
    0.18
    8.46
    1.21
   -1.50
    9.80
    7.48
   -2.10
   -6.00
   -7.05
   -3.09
    4.44
    0.23
   -4.90
    5.46
    0.87
   -6.50
    7.19
   -1.60
   -5.87
   -1.00
   -3.43
    4.41
    1.25
    3.36
    4.86
    6.64
    4.43
   -3.19
    2.64
    8.19
    7.93
   -5.41
   -8.89
    2.10
    6.85
    7.78
    0.54
   -4.49
   -2.20
   -6.50
   -4.37
   -1.62
    1.43
   -5.54
   -2.34
    6.40
    6.88
   -2.09
   -6.23
  -11.57
    8.01
    4.00
    2.76
  -11.73
    1.62
   -6.59
    7.97
   -9.27
   -2.52
    4.47
    7.14
    2.25
   -9.81
  -10.39
  -11.16
   -4.36
    3.06
    1.09
    6.05
  -10.54
   -6.35
   -3.64
   -3.51
   -8.43
   -8.55
   -7.54
   -0.18
   -2.81
   -2.78
    0.08
    1.78
   -8.75
   -5.76
    6.82
   -4.87
    5.20
    1.55
   -0.08
    7.53
   -1.95
   -1.01
   -1.70
    6.27
   -8.04
   -6.00
    4.06
  -10.17
   -7.91
    0.58
    3.21
   -3.60
    0.88
   -0.18
    5.95
   -0.78
   -3.37
   -7.51
   -3.81
   -1.20
    6.59
   -6.56
    0.55
    2.03
    4.24
   -2.07
    6.59
   -1.89
    1.17
    9.73
    0.60
    1.52
    3.08
    1.21
   -5.38
   -8.42
    0.42
   -4.78
   -7.14
   -0.77
    3.13
   -1.09
    7.62
   10.34
   10.08
   -0.62
   -5.62
   -3.82
    2.48
   -8.80
   -3.62
    0.61
   -7.89
    5.86
    8.67
   -5.85
   -6.46
   -6.97
   11.30
    5.00
   10.96
    3.74
    2.11
   -3.13
    9.32
    5.42
   -1.29
    3.73
   -0.24
   -1.20
    0.02
   11.36
    9.64
    6.70
   -2.95
   -4.11
    6.62
    4.71
    3.06
    9.13
    7.45
    3.74
   -6.79
    0.74
    0.85
   -5.62
    3.40
    7.41
   -4.99
    3.24
   -1.29
   -1.18
   -0.75
   11.09
    0.98
   10.47
   10.22
    2.95
    5.98
   -6.61
   -7.68
   -0.10
   -0.24
   10.79
    2.74
    2.94
    4.59
   11.51
   10.54
   -1.31
    4.01
   10.36
    0.40
   -3.16
   -2.47
    5.40
   10.59
    9.61
   -5.50
    1.94
   -4.66
    3.07
   -2.55
   -6.37
    1.63
   10.23
    4.79
   10.25
   10.29
   -3.85
    2.89
    2.42
   -8.47
    4.78
   -2.52
   -6.74
    4.81
   -2.15
   -5.48
    6.83
   -6.89
   -4.58
    0.42
    3.47
    1.56
    8.53
   -8.53
   -7.94
   -9.58
   -6.47
    2.99
    9.09
   -7.46
   -1.63
    7.47
   -5.34
    4.98
   -9.13
   -7.64
   -4.66
    5.31
   -1.40
    7.14
    3.83
    1.99
   -9.08
  -10.28
    5.66
  -10.69
   -7.29
    2.28
    2.59
   -3.37
    0.05
    6.50
    3.00
    2.02
    7.78
    8.07
  -10.90
    0.27
   -1.16
    0.69
   -8.97
   -4.73
    5.69
   -0.67
   -2.14
    6.76
   -6.70
   -6.99
   -4.59
    1.47
   -5.66
    6.80
    1.01
   -1.36
    6.05
    3.26
    5.07
   -0.13
   -1.03
   -6.68
  -10.45
   -6.59
    7.70
    6.42
   -6.63
    2.77
   -6.66
   -9.88
   -5.42
  -10.24
    8.00
  -10.95
   -0.55
    1.83
   -8.97
   -6.86
  -11.47
   -6.14
    7.16
    5.46
  -10.57
   -5.72
   -3.37
   -0.85
    6.53
    5.57
    7.03
   -6.02
   -2.37
  -10.82
   -2.92
    2.08
    7.46
    4.71
    2.37
   -6.79
    7.92
   -6.34
   -7.17
    9.26
   -4.59
   -2.68
   -7.82
   -1.72
   -5.13
   -0.79
    9.17
   -2.32
    0.79
    1.87
   -9.17
   -2.94
    5.04
    7.90
    7.43
   10.19
    1.62
   -4.44
   -0.59
    6.48
   -1.76
   -1.38
   -3.79
   -8.18
    4.80
    0.57
   -3.11
    8.74
    8.79
   -6.66
    2.70
    5.99
    7.37
   10.25
   11.48
    7.52
    6.71
    3.39
    3.91
   10.77
   -2.29
   -4.56
   -8.23
    4.34
   -0.94
   -4.29
   -2.12
   -4.86
   -3.17
   10.71
   -1.91
   -5.28
   11.14
   -0.99
   -5.01
   -4.79
   -0.39
    0.55
   -6.34
    4.45
    7.73
   10.17
    9.14
   10.54
   -3.94
    5.71
   -4.13
    5.85
   -5.64
    0.36
    9.05
    0.29
   -7.45
    9.40
    7.64
   -5.96
   -1.43
    1.36
    9.53
   -0.43
   -6.91
    3.51
    8.45
    3.15
   11.13
   -8.21
    2.68
   -4.40
    0.55
   -5.05
    5.80
    2.58
    7.36
    3.35
    9.16
    4.06
   -2.05
   -8.19
    6.35
   -6.69
    8.23
    7.11
    9.44
    5.22
    9.62
    9.66
    7.19
    4.02
    1.80
   -0.30
   -4.96
    0.30
    2.56
   -2.24
    7.10
    7.47
    4.32
    9.59
   -0.18
    7.63
    7.64
    5.38
   -2.23
   -3.31
    1.55
    3.36
   -8.87
   -1.00
    0.82
    7.92
   -4.90
    1.23
  -10.00
   -8.09
    1.19
   -4.25
    4.43
   -6.66
   -9.60
    3.36
   -1.86
   -3.29
   -1.75
    5.23
  -11.54
    8.25
    1.67
   -5.55
    7.73
   -3.94
   -2.16
   -3.16
   -8.30
    4.21
    4.80
   -8.91
   -5.05
   -8.59
   -5.94
   -1.58
    3.08
    4.02
    4.91
   -8.57
   -8.20
   -6.55
   -9.18
   -7.54
    2.90
    7.90
    7.51
   -8.68
    7.18
  -11.50
   -6.95
   -7.68
    4.06
   -0.20
  -10.23
    0.69
  -11.71
    4.70
   -1.99
   -1.50
   -6.67
   -6.38
   -8.18
   -0.28
    1.78
   -1.75
    6.48
   -5.08
   -7.42
   -0.54
    7.94
   -4.90
   -4.92
   -0.28
   -5.93
    5.12
    0.06
  -10.12
   -2.14
   -3.71
   -2.45
    0.26
    2.41
    8.53
   -8.39
    6.15
   -2.07
   -8.23
    1.84
   -2.21
   -9.55
   -3.24
    1.94
    4.51
   -7.50
    5.30
    5.04
    3.40
    5.69
    9.78
    5.90
    2.37
    5.06
   -7.85
   10.04
    7.44
   -4.58
   -7.78
   -0.32
    4.62
    9.52
   -4.64
    6.66
    5.89
   -1.99
    9.61
    2.09
    9.86
    1.48
    2.03
   -6.99
    6.55
   -5.88
    4.62
   -4.19
   -3.31
    9.47
   -0.53
   -3.34
   -4.67
   -2.04
   -6.66
    8.65
    9.87
    6.23
   11.57
   -4.04
    2.45
    8.54
    1.50
   -5.22
    6.66
   -0.11
   -5.00
    1.23
    8.72
    0.99
    0.72
   -3.98
    3.00
    5.28
   -4.59
   -3.93
   11.82
   -2.33
    4.82
    3.01
   -0.17
   -4.81
    3.79
   -1.48
   -7.49
   -0.44
    5.95
   -3.44
    9.31
   11.57
   -7.39
    2.42
    0.90
   -2.58
   11.01
    8.81
    1.04
   -3.18
   -7.86
   -1.40
    2.64
    3.08
   -2.27
    4.59
    8.34
    5.01
    6.69
   -3.88
    5.29
    0.67
   11.00
    2.53
   -5.49
   -6.86
   -9.19
    3.54
    4.46
   -2.10
   -0.87
   -3.58
   -0.92
   -7.60
    5.63
   10.17
   10.14
   -2.73
   10.09
   -3.57
    4.01
   -0.55
   -4.97
    7.32
   -7.16
    7.32
    7.74
   -9.72
   -0.02
    7.57
    1.87
  -10.46
  -10.05
   -6.04
    8.09
    4.67
   -7.36
   -1.99
    4.38
   -4.13
   -8.04
   -8.43
   -4.47
    6.30
  -11.16
   -8.83
   -7.78
   -8.91
  -11.35
   -5.62
   -0.87
    3.33
    2.91
   -2.10
    2.86
    6.95
   -4.57
    7.68
  -11.18
    6.46
    2.85
   -9.27
   -2.20
    3.49
   -0.51
   -0.97
   -8.30
   -9.69
   -3.35
   -4.90
   -1.21
   -9.82
    6.18
  -10.44
  -11.75
   -5.44
   -1.50
    0.60
    4.11
    7.25
    5.07
    5.20
  -11.40
    5.31
   -4.98
   -7.71
    4.80
    6.93
   -3.61
    7.90
  -11.24
   -3.79
   -8.43
    1.91
    0.90
   -5.33
   -2.80
    6.95
    6.89
  -10.19
   -1.55
   -0.95
   -2.23
   -9.59
    7.60
   -9.84
   -0.45
   -1.23
   -2.86
    2.55
    2.22
  -10.17
   -2.95
   -4.85
   -2.04
    7.10
    6.63
   -8.34
   -1.10
    5.58
   -9.42
    0.61
    4.18
   -8.56
    9.57
   -2.72
    6.40
    8.59
   -4.94
   -2.51
    7.47
    2.26
   -1.41
   -6.76
   -6.32
    9.23
    5.44
    0.31
    0.45
    5.19
    2.55
    7.59
   -3.86
   -1.33
   -8.99
   -1.56
   -4.58
    2.20
   -7.27
   -6.21
   -8.02
   10.02
    1.64
    7.24
    0.56
   -7.10
    9.15
    1.95
   -1.55
   -0.33
   -5.94
   -0.58
   -3.77
   -4.25
    6.79
   10.15
    8.04
    8.48
   -1.94
   -3.79
   11.14
    9.34
    1.83
   -4.37
    4.80
    3.06
    2.77
   -1.31
   -1.31
   -6.38
   -2.06
    6.10
    0.54
   -2.95
    2.95
   -1.02
   -6.81
   11.20
   -7.51
   10.91
   11.10
   -7.70
    5.16
   11.53
    6.08
    8.50
    2.82
   -7.62
   -7.41
    0.19
   -5.91
    4.33
    2.22
   -2.86
   -7.51
   -3.00
   -2.32
    2.79
   -1.28
   10.16
   -3.89
   -4.94
   -2.48
    6.71
   -8.20
   -5.75
   -1.32
   -2.10
    8.18
    7.81
   -7.34
   10.11
    9.40
    1.90
   10.39
    3.73
    0.98
    9.87
   -2.38
   -6.25
   10.20
    7.60
   -6.60
    2.36
   -4.51
    5.78
    3.29
   -6.65
   -4.51
    8.94
   -3.43
   -1.64
    7.33
   -8.51
   -1.92
    5.08
    4.30
    0.50
    4.34
   -2.69
    3.00
   -4.46
   -5.94
   -3.22
  -10.33
   -4.87
    3.01
   -2.92
   -3.85
    0.35
   -6.70
   -0.80
   -5.06
    5.13
    6.96
   -0.85
    3.86
    3.46
   -5.96
   -2.70
  -10.03
    3.56
    4.90
   -0.25
    2.85
   -1.23
   -2.97
    1.45
    7.36
    5.47
    6.12
    1.21
    5.69
   -2.22
   -8.36
   -1.32
   -1.24
  -10.86
    6.72
    3.10
   -2.87
   -9.16
    2.30
    3.98
   -8.92
   -2.66
   -4.09
   -6.40
   -9.70
  -11.52
   -5.43
   -8.53
    2.74
   -1.43
    2.23
    0.61
    2.98
    2.49
    1.49
    5.73
   -0.08
    8.35
   -0.22
    3.19
   -6.16
    7.36
  -10.20
   -7.01
   -7.14
   -9.62
   -5.51
    2.57
   -1.29
    1.40
    6.21
   -7.58
   -8.00
   -2.11
   -9.60
   -6.34
    6.77
    8.04
    3.63
    7.37
    4.36
   -5.18
   -4.13
   -3.96
   -3.14
   -2.94
    7.40
   -3.39
    9.72
   -2.85
    9.83
    5.48
   -6.22
    5.88
    1.62
    5.56
   -3.16
   -5.97
    8.03
    4.94
    4.38
    0.78
   -4.69
   -2.38
   -0.20
    9.15
    9.36
   -4.00
   -6.03
   -1.85
    8.73
    5.33
   -5.81
    1.93
    2.00
   10.00
    2.49
    5.74
   -0.43
    1.69
   -6.64
    8.79
    9.74
   -0.61
    0.79
    3.96
    9.27
   11.35
    4.73
    4.39
   -1.81
    8.89
    6.87
    7.02
    9.19
    1.94
    5.92
    2.88
    1.09
    6.76
    2.12
    4.33
    6.97
   -4.76
    1.17
   -0.83
    6.48
   -3.83
    7.61
    1.64
   -7.34
   -1.53
   -2.56
   10.18
    3.00
    6.21
    0.28
    2.28
    5.03
   -4.47
    0.73
   -3.97
    6.15
    3.39
    9.26
    8.55
   -2.12
   -1.72
   -7.66
    1.39
    4.50
    2.72
   -7.94
    2.77
    6.13
   -2.26
    5.05
   -3.35
    5.99
   -0.94
   10.85
    8.70
   -7.75
   -4.62
   -0.50
   -0.79
    4.12
   -1.69
    8.71
   -7.29
   -7.63
   -5.66
    0.26
   -5.30
    4.23
    8.65
    5.85
    5.02
    2.62
   -9.27
   -7.74
   -1.75
  -10.21
   -8.11
   -4.08
    0.95
    5.31
    4.76
   -3.10
   -4.25
    8.53
   -5.45
    2.17
    2.26
   -4.76
   -7.84
    8.36
    5.06
   -1.15
   -0.71
   -6.22
   -1.73
    5.90
   -4.71
  -10.12
   -2.71
   -4.07
   -3.99
    2.05
    7.16
   -4.27
   -5.57
  -10.08
   -1.98
   -1.96
   -6.79
   -3.26
   -2.76
   -5.57
   -0.94
   -1.51
  -11.39
   -7.20
  -10.86
    2.14
  -11.80
  -10.92
   -0.91
    3.36
    7.36
    3.39
    3.15
   -6.46
   -7.68
   -9.48
   -3.94
    6.32
   -9.15
   -5.15
    6.86
   -6.67
   -4.27
   -0.47
   -5.49
   -0.57
   -4.89
    0.25
   -4.55
    7.29
   -0.29
   -6.91
   -6.95
    1.27
   -3.07
    7.05
   -1.13
    0.84
    1.86
   -9.35
   -4.18
   -6.82
   -4.91
    3.24
   -6.83
   -4.69
   -2.56
    0.35
    3.55
   -4.49
   -8.44
    3.67
   -8.33
    4.15
    0.49
    5.28
    4.97
    3.89
   -7.12
   -3.73
   -3.77
    9.24
    5.27
    9.76
    7.93
    5.49
   -8.75
    8.30
    8.53
   -2.93
    7.34
    5.55
   -9.28
   -4.79
    5.90
   -7.42
    1.31
   -4.95
    4.86
   -1.84
   -6.69
   -7.99
    4.30
   -6.19
    9.60
    7.74
   -0.07
   -7.00
    8.64
   -4.88
    3.43
   -5.24
    2.00
   -6.94
   -0.30
    1.73
   -6.22
    0.27
   10.96
    2.51
   -8.12
   -1.36
   -2.28
    8.46
    1.24
   -4.01
    6.62
   -5.22
    8.74
   -2.00
   -4.84
   -3.95
   10.24
   -0.18
    3.33
    6.10
    9.31
    6.76
    2.05
   -7.74
   -2.09
   -5.41
    8.54
   -5.92
    8.93
   -0.98
   -1.43
   -3.85
   10.60
    4.67
    5.47
    5.68
   -7.26
    3.45
   -3.76
    4.17
   -4.97
   -7.81
   -5.72
    3.49
    6.95
   -0.28
   -0.78
   -3.48
    9.69
   -6.66
   -6.56
   -8.11
   10.03
   -5.41
    5.55
    3.38
   -4.07
   -5.47
    0.84
    3.40
    4.08
   -1.77
    8.37
   -8.88
    9.33
    8.76
   -4.81
    4.81
    5.96
    0.47
   -2.78
    8.60
   -9.11
   -8.25
   -2.83
    3.57
   -1.38
    7.06
   -0.77
   -6.64
   -1.71
   -1.69
   -9.30
   -6.07
    2.29
   -4.14
    0.42
   -2.08
   -2.88
   -1.51
    4.18
    3.23
    5.78
   -6.84
    6.92
   -3.97
   -7.79
   -6.16
   -8.21
   -1.83
   -2.35
  -10.12
    6.21
  -11.12
   -1.24
   -6.29
   -5.34
   -9.02
   -2.39
   -2.14
    8.41
   -8.65
   -6.33
   -8.51
    2.17
    5.79
    7.56
    6.08
    7.51
   -1.68
    6.75
    0.78
   -6.78
    4.77
    3.03
   -3.12
    2.56
   -9.16
   -7.99
   -8.24
   -2.61
   -5.57
    4.33
    2.26
   -0.94
    2.43
   -1.12
    7.35
   -3.69
   -8.14
    7.80
    0.14
   -9.97
    5.33
    3.44
   -0.53
    4.79
   -9.03
   -2.91
   -9.44
   -2.61
   -3.31
   -0.29
    5.35
   -7.83
  -11.22
   -5.59
   -8.04
   -6.80
    4.93
   -9.10
    3.70
    3.48
   -8.39
   -8.25
   -2.61
    0.84
   -4.14
    0.60
   -8.98
    0.79
    1.37
    2.17
   -9.15
   -3.69
   -0.97
    4.14
   -2.16
    4.38
    1.82
   -8.99
    3.46
    9.50
   -6.01
   -0.29
    4.92
   -5.98
    4.77
    7.17
    9.71
    5.38
   -3.61
   -0.28
   -0.44
   10.23
   -3.60
   -5.63
    3.78
    5.32
    4.44
    2.00
   -8.14
   -4.51
    3.43
    2.38
   -4.28
    8.28
    5.02
    1.06
   10.93
   -4.43
   -0.52
   -1.76
    7.73
   -7.91
   -0.02
   -0.66
    1.11
    0.72
   11.21
   -2.41
   10.43
   -5.27
   -7.61
   -1.55
   -1.66
    6.92
    4.63
   -4.12
   -0.89
   -4.48
   -7.24
   10.47
    6.31
   -2.86
   11.36
   -0.43
    9.90
   -3.58
    5.34
    9.13
   -7.30
    2.64
   -5.18
   -2.51
   -3.87
    3.24
   -5.65
    1.08
    5.52
    4.14
   -3.42
   -8.01
    4.54
    6.97
   10.22
   -2.77
    9.28
   -6.88
    2.49
   10.25
   11.49
    4.88
   -4.17
    3.86
    1.30
   -6.94
    9.04
   -4.51
   -0.72
    1.94
   -7.19
   -6.05
    7.90
    0.68
    9.55
   -1.72
   -7.66
   -8.03
    7.71
   -1.59
    0.67
    7.22
    0.38
    7.70
   -6.51
   -1.10
   -1.67
   -2.65
   -7.24
   -0.39
    7.33
    2.68
    0.23
   -1.96
   -0.06
   -8.70
   -4.92
    1.83
   -8.33
    3.17
    0.98
   -2.69
   -8.51
   -7.51
   -7.44
   -3.91
   -3.39
    1.46
   -8.76
   -1.47
    1.91
   -3.97
    0.40
    4.09
   -6.60
   -6.65
  -10.04
   -1.42
   -3.67
   -8.73
    0.34
    8.25
    7.59
  -10.49
   -4.26
   -9.26
    2.38
   -7.06
   -3.13
   -7.00
    5.38
    6.57
    3.02
    5.92
   -3.69
   -7.53
   -6.49
    6.01
   -0.25
   -1.45
   -1.54
   -6.17
  -10.57
  -10.78
  -10.96
   -0.59
   -3.19
    7.95
   -2.95
    4.38
   -5.84
    1.71
   -6.21
   -8.88
    1.93
   -2.86
   -1.55
  -11.24
   -9.55
   -1.13
    5.80
    5.98
    6.13
   -0.54
    3.22
    0.81
   -8.08
   -8.67
    7.18
   -2.86
   -7.78
   -9.41
  -10.96
   -1.76
   -7.87
    2.64
    0.28
    7.15
    1.10
   -0.23
    7.02
    3.85
   -9.10
    0.52
    3.99
  -10.62
   -1.99
    1.02
   -2.14
    6.81
    0.45
    8.12
  -10.06
    9.14
   -1.22
    4.43
    8.20
    3.92
   -8.27
   -4.75
   -1.20
    4.98
   -3.98
    7.36
    6.82
    0.81
    0.65
    9.66
   -3.49
    9.97
    5.48
    5.75
    0.87
   -6.73
   -5.67
    8.29
   10.54
   -7.10
   -7.75
    5.35
   -7.83
    8.42
   -2.63
    8.50
    6.12
   -0.45
   -3.04
   -7.06
   -6.54
    6.01
   -1.97
   -0.68
    2.51
   -6.03
    2.12
    7.63
    4.58
   -0.32
   -5.40
   -7.25
    9.25
   -0.32
   -1.69
   -7.93
    8.82
   -1.84
    1.55
   -5.10
    2.39
    0.95
   10.45
    3.74
    9.09
    6.56
   -4.20
   -2.59
    0.80
    4.05
    4.07
    6.18
    4.24
    7.66
    3.02
    8.55
    2.37
   -1.49
   11.51
    0.20
    5.22
    3.03
    3.82
    4.52
    0.19
   -1.65
   -1.77
   -4.78
   11.45
   -5.56
    0.06
    0.73
   -1.00
    3.31
    9.03
    0.46
    6.97
    4.97
    1.04
    3.00
   -8.75
    0.20
   -5.72
   -3.83
   -3.32
    0.37
    9.76
   -1.13
   -6.59
    3.99
   -3.80
    4.95
    2.73
   10.23
    9.24
    8.79
    2.26
   -0.79
   -4.89
    2.91
    0.59
    9.28
    8.65
   -2.63
   -8.90
    1.10
   -4.35
   -8.98
   -4.59
   -1.40
  -10.34
    4.71
    5.99
   -3.10
   -6.93
    6.28
   -1.76
    6.91
   -7.35
   -2.47
    1.99
    7.09
   -0.56
   -7.03
    2.28
   -8.21
    2.96
    0.50
   -0.49
    6.66
  -10.10
   -6.04
   -0.89
    0.90
   -2.89
    7.48
    0.41
    6.32
  -11.04
    1.90
   -5.04
   -6.67
  -10.89
   -7.24
    4.31
   -6.23
   -3.34
   -9.50
    6.99
    0.71
   -3.34
    2.27
    4.94
   -5.04
   -5.07
    5.78
   -0.57
  -11.42
    7.42
    4.90
    6.20
   -4.72
   -6.26
   -2.74
   -0.02
   -2.42
    5.25
    3.68
   -1.45
    0.94
   -2.59
  -10.67
   -4.07
    4.71
   -3.51
    7.09
   -4.79
    0.05
   -9.20
   -7.61
   -9.51
    4.59
   -3.85
    0.28
    8.43
    4.04
    5.67
   -5.88
   -1.00
   -9.33
   -5.79
   -3.68
    5.71
    8.74
    6.81
   -9.20
    5.19
   -3.44
    1.86
    7.46
    6.10
   -4.24
   -1.65
   -1.54
   -2.55
   -2.80
   -2.26
   -3.62
   -3.64
   -6.25
   -9.98
    4.23
    5.06
   10.14
   -5.78
    7.42
    7.35
   -0.49
    3.36
   -2.51
   -5.55
   -3.16
    3.61
   -2.15
   10.15
   -0.62
   -1.99
    1.24
    5.44
    3.81
    4.44
    9.16
   -7.62
   10.44
   -2.04
    3.22
    7.50
    4.02
    7.67
   -1.77
   -5.57
    1.76
   -2.24
    7.27
   -3.97
   -2.04
    3.05
    8.63
    5.73
   -4.33
    8.83
    4.54
    8.51
   -4.93
    5.21
    1.88
    0.98
    8.97
    5.66
    4.71
    0.92
   -5.12
    0.05
    8.68
   -3.62
   -5.77
   -7.92
    7.29
    3.84
    8.28
   10.93
    0.13
    5.98
    1.00
    7.53
   -7.15
   -1.26
   -1.20
    4.91
   -0.91
   -2.22
   -2.90
   -6.73
   -5.74
   -5.72
    3.84
   -0.97
   11.27
   10.12
    9.83
   -1.34
    7.96
    2.50
   -4.07
    6.53
   -3.37
    7.83
    7.24
    7.41
    5.21
   -4.89
    3.97
    3.14
    0.54
   -1.46
   -0.62
    3.81
    3.31
   -0.30
   -5.54
   -6.73
    5.03
    8.90
   -0.45
   -1.00
   -3.14
   -3.95
   -7.21
   -3.66
    0.13
    0.83
    5.52
   -2.81
    9.04
   -7.70
    4.48
   -7.05
   -5.02
    7.77
    0.85
    1.93
    2.83
    1.24
   -3.63
   -8.84
  -10.84
   -9.03
   -3.96
    2.39
   -7.75
   -3.39
   -2.03
   -7.26
    3.98
   -4.36
  -10.12
   -0.49
   -6.36
  -10.78
    2.64
   -0.54
   -6.38
    7.31
   -9.39
   -7.62
   -3.11
    3.32
  -11.16
   -0.78
   -3.54
    8.02
   -2.79
    4.37
   -3.35
   -7.17
    1.39
   -7.55
    6.29
   -7.43
    0.67
  -10.55
    3.70
   -2.50
   -7.28
   -1.76
    3.62
    4.76
    5.19
   -1.56
   -3.97
   -0.75
    4.17
    0.66
    6.81
   -6.29
  -10.50
    5.20
   -9.74
   -1.59
    7.13
   -5.03
    3.48
   -9.99
    8.03
   -7.05
   -7.25
  -10.06
    4.36
   -6.11
    1.59
    2.04
   -7.82
    0.49
   -9.10
   -0.32
   -8.73
   -6.15
    0.82
   -7.83
   -8.36
    8.43
    4.49
    0.63
   -2.89
    1.24
    3.78
   -6.89
   -4.45
    5.49
   -3.21
    9.19
    6.23
   -1.36
    7.24
    3.98
   -6.19
   -5.30
    5.86
    1.38
   -0.63
   -8.91
   -6.59
    6.78
   -1.72
   -0.30
   -4.15
    9.14
   -5.13
   -7.62
    1.17
    2.47
    4.10
   -9.08
    8.20
   -3.44
    9.95
   -8.78
   -2.69
    7.31
   10.88
   -8.08
   -7.09
   -3.88
    1.94
   -2.47
    7.85
    9.06
    3.98
    5.61
   -0.22
    4.96
    9.54
    8.71
    9.22
    3.28
   -4.25
    0.42
    9.67
    1.10
   -5.94
   -4.11
   -0.49
    9.57
    6.81
   -3.29
    5.77
   -0.26
    0.71
   10.16
    9.80
    7.78
    7.26
   -7.14
    4.80
    9.50
   -0.18
    8.79
   -4.71
   -5.70
   -2.07
   11.62
    8.31
    8.57
    8.08
    1.54
    6.66
   -1.70
   11.68
    6.35
   -6.11
    1.15
    9.77
   -3.08
    1.26
   -2.03
   -5.41
    7.20
    6.48
   -6.48
   -1.90
    8.36
   -5.62
   -3.22
    7.28
    7.48
    9.52
   10.42
   -3.61
    0.52
   10.50
   -0.23
    6.06
    9.77
   -3.68
   -8.82
   -0.70
   -4.47
   -5.49
    9.69
    4.29
   -7.70
    1.20
    6.09
   -5.86
   -0.76
    3.01
    3.37
   -6.47
   -4.92
   -9.17
   -7.46
    2.09
    7.42
   -4.49
    7.86
    4.85
    6.28
   -4.60
   -8.65
   -0.58
   -7.87
    5.71
   -3.21
   -9.94
    8.32
   -0.10
    2.99
   -1.23
    7.80
   -7.26
    6.53
    2.99
    4.26
   -4.57
    3.82
   -9.57
   -2.37
   -7.59
   -7.51
    0.65
    3.99
   -9.71
    2.31
    3.53
   -0.23
  -11.57
    5.31
    4.59
   -9.54
    1.45
   -4.61
    7.30
   -6.45
    3.71
    7.20
    2.08
    5.95
    5.59
    4.57
   -7.66
    5.77
   -8.42
  -11.91
    7.35
   -1.65
   -9.54
   -7.71
   -8.12
   -3.07
    7.06
    1.98
    2.92
    7.37
    6.13
   -1.86
    3.00
    7.50
   -1.96
    3.09
    0.74
   -9.23
   -3.78
   -4.94
    7.88
    4.15
   -3.35
    2.16
    3.54
   -9.33
  -10.88
    5.68
   -4.92
    6.01
   -9.61
    2.76
    6.02
   -0.23
  -10.72
   -1.50
    0.75
   -9.12
   -6.51
   -2.60
   -3.89
    7.58
    8.47
    4.16
  -10.07
    1.58
   -1.95
    3.90
   -3.74
    6.74
   -3.01
   -8.29
   -2.24
   -7.93
    5.38
    1.61
    4.63
   -0.84
   -5.04
    4.85
   -9.26
   -6.17
   -2.76
    7.63
   -3.62
    2.39
    3.56
   -1.85
    8.02
    2.03
    7.01
   -6.92
    4.90
   -4.21
   -3.77
   -6.63
    2.57
    1.79
   11.05
   -0.59
    3.12
    6.82
   10.03
   -4.36
    2.53
   -5.55
   -0.11
   -5.48
    4.67
   -2.72
   -3.21
    9.76
   -7.63
    3.83
    9.50
    9.14
    5.19
    9.54
   -5.59
   -3.56
   -5.79
    2.44
   -7.49
   -6.99
    3.57
   -7.15
   -1.89
    8.52
    9.01
   -2.22
    9.53
   11.15
    3.20
    9.52
   11.65
    7.24
   -2.08
   -1.42
    0.30
    0.12
   -6.78
    1.19
   -1.39
   -1.47
    3.38
    0.99
   -4.95
    4.26
    9.75
   -4.86
   -6.38
    9.21
   10.51
   -5.10
    5.65
   -8.10
   -2.81
   10.46
   -6.34
    3.23
    8.26
   10.19
   -3.06
   -8.30
    9.39
    4.32
    9.21
   -2.03
   -9.25
    2.91
   -2.09
    8.82
   -8.98
   -1.75
   -4.40
    0.45
   -1.57
    1.61
   -6.99
    1.21
   -1.36
    4.35
    4.20
    3.59
   -0.60
   -6.48
   -6.64
   -4.19
    2.15
   -8.41
   -6.31
    2.47
   -9.42
   -9.13
    8.01
    4.87
    5.89
   -8.00
    1.31
   -9.46
   -0.94
   -2.94
   -4.82
    2.16
  -10.05
    6.92
   -5.92
   -4.07
    3.26
   -7.03
   -6.47
   -0.79
   -8.59
   -6.69
    0.10
   -2.37
   -5.76
    3.20
   -6.62
    1.54
    5.59
  -10.04
   -0.26
    1.80
   -3.11
    2.27
    8.01
    5.00
    7.31
    3.74
   -3.04
   -2.00
   -8.79
    0.95
    4.82
   -8.09
   -7.90
   -4.18
   -9.52
   -4.59
   -6.37
   -7.59
   -3.32
    7.39
   -2.51
    7.98
    5.09
   -0.89
   -1.89
   -1.42
   -6.87
   -4.45
    4.26
  -11.17
    2.86
    6.32
   -2.50
   -3.69
   -8.41
   -4.22
   -2.36
    0.05
   -5.56
    2.66
    4.79
    3.66
    8.71
   -1.02
    8.63
    2.65
   -9.76
   -1.60
   -5.72
    6.17
   -8.46
    3.84
   -4.78
    3.23
   -8.22
    4.66
    2.94
    3.07
    8.79
   -6.95
    3.61
    0.21
    2.81
    9.80
   -8.45
   -6.46
    2.14
    9.59
    9.52
   10.11
    0.69
   -4.51
    6.05
    3.00
   -2.59
   -7.07
   -0.60
   -6.21
    7.55
   -6.94
   -1.29
    9.30
   -4.13
   -4.62
   -8.29
    2.68
    1.61
   -0.21
    9.47
    9.01
    5.49
   -1.81
   -1.90
    5.06
    8.37
   -4.92
    7.09
    3.67
   -7.89
    7.94
    4.78
   -7.71
   -8.11
   -3.30
   10.50
    6.04
   10.81
   -7.25
   -6.32
    5.08
    6.06
   -2.86
    9.92
    6.35
   -2.89
   -1.53
    3.74
   -0.28
    5.80
   -0.25
    8.30
   -1.47
   -1.83
    5.02
   -7.89
   -5.63
   -1.65
   -4.96
    2.39
    6.47
    4.13
    2.57
   -4.51
   -4.76
   -5.47
   -3.08
    4.07
   10.31
   -0.72
    7.85
   11.29
    2.92
   -0.02
   -1.03
    1.63
   -7.37
   -6.63
    0.36
   -1.08
   -1.46
    6.34
   10.67
    0.93
    4.73
   -7.18
   -1.41
    1.06
   10.14
    2.61
   -6.36
    6.74
   -7.12
   -8.00
   -3.63
    4.88
   -1.19
    6.34
   -2.09
    3.95
    4.57
    4.44
   -1.00
    3.26
    4.97
   -5.13
   -1.82
   -1.21
   -5.28
   -5.89
   -0.41
   -3.88
   -5.38
   -3.40
  -10.01
    0.14
   -8.00
    6.66
   -4.76
   -8.40
    5.66
    2.25
    6.10
    0.71
    5.03
    0.68
    3.38
    7.33
   -6.03
   -3.91
   -7.40
   -1.65
  -11.37
   -1.08
   -2.11
   -8.31
   -0.13
    7.16
    5.29
   -2.72
   -9.95
   -0.44
    5.46
    5.00
   -5.83
    0.59
    5.80
  -10.69
   -4.69
    7.45
    1.81
    0.90
    4.58
  -11.21
   -2.04
   -4.87
   -4.65
    5.39
    7.88
    7.44
    1.85
    2.72
    3.94
    5.54
   -7.71
    5.32
    6.17
  -11.53
    6.09
    3.14
    0.60
    2.66
    5.74
   -0.37
   -3.07
    4.77
   -7.06
   -8.15
   -4.33
    1.31
   -0.97
   -7.64
   -5.55
   -4.60
   -0.07
    2.98
    4.02
   -9.92
    5.40
   -9.50
    3.25
   -1.14
   -7.36
   -5.82
    3.91
   -7.26
   -5.67
   -4.80
   -5.59
   -5.54
   -9.02
   -2.09
   -6.74
    9.38
   -2.27
   -6.97
    1.73
    3.42
   -4.54
   -7.32
    5.89
   -2.28
   -3.75
    7.27
   -1.91
   10.26
   -6.60
   -5.70
    7.76
   -5.65
    5.50
    9.07
   -8.39
    3.97
    5.22
    7.16
   -6.79
   -4.02
    2.26
    8.84
    1.93
   -0.74
   10.71
   -4.59
    1.26
    0.68
   10.82
    7.35
   -3.52
   -2.11
   -4.83
   -5.68
   -8.19
    9.14
    9.15
    7.10
    6.73
    9.81
   -4.17
    1.40
    1.91
    5.94
   -4.79
    3.50
    4.38
   -5.50
    7.94
    7.79
    2.05
    0.75
   -6.83
   -3.85
   -2.29
    2.18
   11.12
    9.35
   -7.66
    9.64
   -0.35
    0.09
    7.76
   -4.93
   -4.42
   -1.91
   -1.22
   -3.71
   10.01
   -2.96
    4.58
    8.61
    8.38
   -6.70
    9.57
   -6.74
    4.57
    6.65
    3.53
   -7.21
   -0.35
   -7.20
   11.27
    3.24
   -5.16
   -2.23
    1.49
   -6.70
    8.90
    4.25
    5.14
    0.26
    9.85
   -0.32
   -6.90
   -7.14
   -8.82
   -3.63
    3.29
   -8.99
    2.30
   -6.66
    7.05
   -7.60
    3.41
   10.17
    5.01
   -3.98
   -5.16
    2.63
    2.29
   -7.60
   -9.41
   -9.77
   -6.99
   -9.05
    6.39
    5.64
    4.30
   -5.98
   -7.95
   -4.06
  -10.40
    7.83
   -1.71
    5.86
    1.35
    0.43
    7.73
   -7.26
   -6.97
   -3.68
    0.59
    3.48
    0.68
   -1.92
    4.39
    3.35
   -6.33
    4.91
   -1.67
    6.60
    4.87
   -2.13
    1.84
   -0.95
   -9.71
    2.22
   -2.30
    2.50
    7.97
   -3.55
   -0.71
   -9.04
    6.32
   -1.75
   -7.58
  -11.10
   -8.18
   -2.57
    1.46
    1.22
    6.07
    5.60
  -10.16
    5.18
    2.26
   -7.28
    4.95
   -5.76
   -9.02
    0.70
   -2.67
    3.65
    5.42
    3.65
    4.41
    8.02
   -4.09
    5.15
  -11.58
    0.76
    3.93
    2.33
   -1.15
    5.35
    5.36
    6.87
  -10.87
    8.46
   -6.80
   -7.16
   -2.18
    5.06
  -10.31
    1.39
    4.14
    5.30
   -2.34
   -7.53
    7.76
   -6.70
    1.44
   -6.84
    3.12
    7.81
    6.99
   -6.93
   -1.87
   -5.26
   -8.47
   -3.36
    6.98
    1.64
   -7.58
    2.17
    7.75
    3.88
    5.52
   -2.25
   -5.99
   -7.09
    2.92
    4.28
   -8.97
   -3.75
   -0.11
   -5.00
    6.27
   -0.57
    1.49
    2.22
    4.22
   -0.29
   -1.76
    0.74
   -4.25
    1.88
    1.44
   -1.76
   -8.36
    5.67
    7.60
    2.47
   10.68
   -4.80
    2.56
   -4.64
   -8.03
    0.31
   -5.38
    4.03
    1.73
   -0.29
    7.43
   -1.40
    4.44
   -4.05
    1.88
    6.92
    8.31
   -7.59
   -2.32
   -3.79
   -4.84
    2.12
    4.10
   11.49
    4.76
   -1.72
   10.20
    0.95
    3.33
   -3.03
    4.39
   -1.79
    6.67
    1.45
   -6.60
   11.33
    7.48
   -1.52
   10.56
    8.92
   -2.90
   -3.51
    3.50
   -7.15
   11.71
   -4.37
   11.26
    8.09
   -7.22
   -0.34
    0.71
   -0.75
   -8.02
   -0.25
   -7.65
    4.08
   10.46
    0.15
    5.54
   -6.20
    2.38
   -4.28
   -6.94
   10.35
   -6.93
   -8.65
   -4.97
   10.48
    1.28
   -6.77
    2.28
    6.72
   -3.96
    2.05
   -1.01
   -4.73
   -2.32
   -1.97
   -5.18
    0.67
   -6.54
    7.77
   -3.72
    7.43
   -2.63
    3.15
    7.61
    8.51
    4.44
    1.92
   -9.02
    0.66
    9.29
    0.24
   -3.99
   -3.31
   -0.75
    7.10
    8.76
    4.46
   -8.34
   -9.34
  -10.00
    3.00
    5.66
    6.35
   -7.01
    5.27
   -1.68
   -3.07
   -9.54
   -2.12
   -4.85
   -5.61
    1.13
    7.79
    4.95
   -6.23
    5.44
    5.62
  -10.89
  -11.17
    0.86
   -3.80
   -4.76
   -0.48
    6.36
    5.61
    5.16
    1.49
    6.41
   -4.56
    7.30
    7.30
    4.29
   -6.38
    3.42
  -10.39
   -5.25
   -7.60
   -0.22
   -3.75
    6.17
    3.01
   -7.35
    7.11
    1.90
   -2.76
   -1.84
    2.87
   -8.88
    6.02
   -3.41
   -4.21
   -0.89
    4.61
    1.00
   -7.85
    6.67
   -5.02
    0.21
   -3.31
  -10.82
   -5.14
    6.20
  -11.10
    4.90
    3.64
   -4.12
    1.21
    2.65
   -4.66
   -2.78
    8.99
   -1.10
    8.27
  -10.26
    2.47
   -5.86
    1.66
    9.39
   -9.42
   -1.19
    9.09
    7.84
    6.51
   -1.56
   -1.10
   -3.91
    5.38
    8.23
   -8.61
    2.46
    3.54
    6.95
    2.89
   -4.97
    9.93
    0.38
    6.82
   -1.66
   -0.81
    3.81
    1.44
   -5.44
   -3.23
   -5.65
   -5.32
   -1.07
    5.79
    2.18
   -4.37
   -0.21
    5.81
   -8.54
    3.12
   -7.35
   -6.41
    0.52
    1.00
   -1.03
   -4.51
   11.36
   10.41
   -0.90
    2.02
   -1.25
    8.85
    9.68
   -5.96
    8.39
    6.19
   -4.62
   10.96
   -5.33
    7.49
    5.09
   10.76
    7.75
   -7.26
    2.32
   11.95
    0.03
    3.46
    0.21
    7.29
    1.85
    6.19
   10.68
   -0.50
   -3.12
    2.80
   -1.88
    8.79
    6.48
   -2.22
    7.43
    2.27
   -6.20
   -7.69
   -3.71
   -4.75
   -2.95
   -4.82
    2.04
   -5.62
    2.17
    0.77
   -7.26
   -7.29
    4.93
    3.64
   -7.32
    6.61
   -7.63
    0.23
   -7.67
    4.53
   -6.38
    7.27
   -7.48
   -2.30
   10.08
    7.21
   -6.94
    2.64
   -4.99
   10.34
   -4.13
    5.57
   -7.52
    4.00
   -7.79
   -1.26
    5.67
   -1.54
    4.55
   -1.44
    4.56
   -0.14
   -7.32
   -4.38
    3.03
   -0.14
   -5.87
    6.68
   -4.71
   -7.68
    9.18
   -1.62
    1.71
    6.67
    0.06
   -7.08
   -6.04
    8.39
   -5.46
    5.63
  -10.32
   -3.89
    4.04
    4.38
    6.36
    5.81
    5.91
    0.84
    4.62
   -8.26
    0.26
    3.65
   -8.97
   -5.69
   -8.99
    3.48
   -9.93
    4.79
    1.54
   -0.06
   -4.42
   -3.12
   -5.57
    0.35
   -8.33
   -4.71
    5.75
    0.43
   -7.16
   -9.01
    3.77
   -3.21
   -6.45
   -6.54
    1.89
    1.44
   -2.81
  -10.18
   -3.97
    7.96
   -5.61
    0.80
   -3.56
   -0.26
    0.75
    3.56
    3.76
   -9.97
    3.84
   -8.53
   -0.41
    3.77
  -10.31
    0.64
    1.33
   -8.51
   -1.38
   -6.52
   -8.51
    4.88
    0.41
  -11.03
   -8.77
    4.39
   -1.10
  -10.05
    8.48
    8.60
   -4.13
   -2.81
   -9.76
   -4.44
    4.46
    0.37
  -10.63
    5.90
    1.77
   -4.06
   -4.26
   -2.11
   -9.01
    1.84
    1.68
    4.39
    2.84
   -0.91
   -8.07
    1.59
    6.33
   -9.70
    7.87
   -0.34
   -0.93
    5.01
   -3.88
    5.37
    6.72
    1.86
   -8.38
    6.44
    2.00
   -2.21
    4.93
    7.82
   -6.98
   -6.04
    4.08
    9.90
   10.93
    8.56
    0.60
   -1.48
    7.01
    6.66
   10.11
   -3.11
    9.16
   -3.35
   -2.83
    9.39
    7.64
    3.88
   -5.47
    7.21
    0.31
   10.90
    6.79
    5.92
    7.23
   -5.30
    8.38
    4.82
    4.53
   10.89
    5.95
   -1.63
    7.78
   -5.43
   -4.86
    9.14
   -5.32
    8.22
    1.72
   -6.92
   -2.84
    6.49
   -2.94
    6.26
   -7.26
    7.72
   -1.96
    3.73
    5.42
    2.43
    1.30
    0.19
    5.89
    8.71
    1.90
    2.51
    1.03
    4.41
    6.28
    4.15
    2.91
    6.29
    9.68
   -8.56
    7.07
    5.88
    7.86
   -8.21
   10.29
   -7.49
   -6.71
   -6.37
   -2.44
   -7.13
    5.62
    8.44
    8.60
   -2.29
    6.55
    4.46
   -6.35
    5.28
    9.10
    2.36
    8.68
   -8.30
   -8.69
    2.86
   -0.09
   -1.84
    4.10
   -3.99
    7.86
    5.05
    3.80
    2.61
    0.55
    2.91
   -1.19
   -2.74
    6.27
   -9.70
    0.79
    3.51
   -4.34
    8.54
   -9.83
   -9.33
    3.09
    3.28
    5.96
    2.67
   -2.48
    2.96
   -9.93
  -11.29
   -7.28
    4.25
   -4.01
    5.78
    6.77
   -5.85
   -8.36
    3.06
    1.10
   -0.77
    6.94
   -1.72
  -11.28
   -8.52
   -4.58
   -4.19
    1.97
    1.26
    0.44
   -3.28
  -10.45
    6.94
   -4.33
   -9.30
   -6.97
   -8.42
  -10.04
   -0.11
   -7.41
   -3.65
    6.63
    4.45
   -7.70
    0.93
    7.05
    0.18
   -5.41
    0.67
  -11.29
   -2.10
   -5.70
   -9.22
    7.57
   -5.26
    1.90
    7.21
   -5.20
    7.33
    6.29
   -5.41
   -2.02
   -3.20
    6.79
   -9.11
   -3.50
   -4.28
    4.61
   -0.93
    1.56
    6.88
    3.67
   -4.49
   -9.66
    3.95
   -9.19
    5.40
    4.68
    4.03
    5.34
   -5.05
    4.08
    2.06
    7.97
   -9.51
    3.05
   -2.89
   -0.77
   -5.52
    2.91
    0.55
   -3.01
    8.29
    7.93
   -3.93
    3.70
   -8.02
   -4.23
    1.59
   -7.27
   -9.09
   -7.56
    3.10
    4.23
   -0.81
    1.51
   10.27
    0.34
   10.03
   -2.21
    3.99
    9.71
    2.98
   -4.73
    5.85
   -8.50
   -1.98
   -0.47
   -0.67
    8.68
    6.58
   -5.46
   -6.95
    0.69
    9.28
   -6.25
   -4.24
    5.58
   10.82
    5.63
   -6.74
    1.38
    1.43
    3.46
   -2.78
   -3.01
   -4.56
    9.75
   -4.20
    2.33
   -3.41
    4.70
   -3.78
    7.92
    0.28
    9.35
    9.17
    3.83
    2.65
   -7.14
    5.09
    8.01
    6.57
   -5.65
   -7.69
   -6.04
   -5.53
    8.94
    7.18
    7.81
   -1.88
    8.37
    5.88
    4.80
   -4.83
    5.78
    8.22
   -4.95
    2.67
   -4.97
    3.41
    8.74
   -2.61
   -5.71
    7.44
   10.80
   -6.95
    4.12
    2.66
   -5.29
    4.45
    9.75
    8.90
    5.87
    8.46
   -2.07
   -3.19
    4.35
   -8.24
   -1.99
   -7.28
   -3.11
   -4.27
   -2.55
    5.72
    8.39
    7.90
    1.75
    6.33
    2.70
   -9.45
    8.63
    7.22
    2.82
   -4.02
    6.77
   -4.29
    0.51
   -1.24
    8.67
    8.24
    5.15
   -5.15
    8.18
   -3.36
    2.19
   -2.47
   -7.82
   -3.77
   -9.32
    0.33
   -3.31
    5.96
   -9.51
   -3.35
   -2.52
   -9.74
  -11.32
    6.49
    4.84
   -7.15
   -4.65
   -0.18
   -7.11
   -7.64
   -1.23
    6.93
   -6.76
  -10.05
   -9.96
    5.77
    2.92
   -1.31
    7.01
   -4.07
   -3.15
    4.80
    7.54
  -10.33
   -5.47
   -9.11
    2.29
  -10.21
   -8.79
   -9.06
   -3.31
    4.29
    3.38
    7.23
   -7.52
  -11.96
   -1.33
   -0.81
   -1.55
    1.21
    0.10
   -6.05
    0.73
   -5.33
   -5.31
  -11.05
    2.23
   -7.83
   -3.49
   -3.61
    1.70
   -0.54
   -5.97
   -0.56
    2.03
   -9.74
   -8.11
   -9.59
   -2.15
   -0.87
   -2.95
    0.87
   -7.23
   -8.81
   -0.76
   -6.51
   -4.37
   -1.34
   -4.06
    5.81
    6.50
   -5.51
   -8.49
   -3.99
    1.76
   -7.48
    0.96
    0.33
    8.69
    4.87
    7.84
   -7.42
   -0.53
    5.91
    6.71
   -4.66
   -5.57
   -6.64
   -0.15
   -6.80
    4.78
   -3.98
   -1.61
   -2.23
    4.71
   -1.40
   -2.14
   -5.42
    2.76
   -6.72
   -1.98
    1.89
    2.70
    8.16
   -2.83
   -8.65
    3.69
    2.62
   10.71
    0.51
    9.91
   -0.37
    4.25
    7.30
   -0.57
    4.73
   10.89
   -3.75
    2.56
    2.07
    3.07
    6.69
   -0.42
   -2.75
    8.62
   -7.23
    7.75
   -2.91
    1.31
    5.43
    7.80
   -3.88
   -4.23
    6.08
   -0.27
    0.20
   -3.37
    2.38
   -1.99
   -3.25
   -7.69
   -4.30
   -3.85
    2.05
    2.88
   10.58
   10.65
   -4.70
   -7.46
   -4.01
   -5.68
    9.61
   -3.65
    8.51
    8.97
    9.91
   11.38
    7.38
    7.47
    7.55
    2.12
   11.37
   -4.78
    2.01
   10.55
    7.60
    0.95
   -0.66
    0.21
    2.21
    6.94
   -2.51
    4.93
    2.91
    8.55
    8.60
   -8.19
    3.35
   -6.80
    8.02
    8.65
   -0.57
    8.69
    0.33
    5.63
    7.49
   -9.15
   -7.78
    1.50
   -5.69
    0.67
    2.15
    4.07
    9.04
    0.74
   -2.99
   -4.92
    6.99
    1.00
    5.54
    9.49
   -4.68
    4.04
   -1.26
   -0.94
   -9.49
   -0.44
    7.08
   -9.55
   -2.16
   -1.60
    4.57
    7.50
    2.68
   -4.17
  -10.25
    8.02
    3.55
   -5.75
   -6.41
    4.99
   -2.65
   -4.74
    4.13
    1.94
    6.07
   -8.91
   -1.84
   -7.05
   -4.28
    5.42
  -10.34
   -3.12
   -3.08
   -6.39
    5.14
   -4.06
   -2.50
   -7.76
   -4.12
  -11.23
   -3.15
  -11.93
   -2.92
    7.78
   -7.78
   -3.67
    3.75
   -9.03
    6.94
   -1.52
   -6.41
   -2.06
   -9.56
  -10.80
    6.74
    0.54
    0.07
    2.89
   -7.57
   -2.34
   -4.96
  -10.54
   -7.72
    4.51
   -8.05
  -10.41
   -9.10
    6.28
   -7.57
   -0.82
    2.87
    6.12
   -7.51
   -6.60
    7.04
   -2.50
    3.83
   -0.01
   -2.63
   -8.96
   -2.97
   -8.10
    0.86
    5.56
   -3.48
  -10.55
   -7.75
   -6.34
   -2.42
    1.72
   -4.39
   -8.45
   -4.94
   -2.68
    2.84
    3.32
   -5.91
   -5.29
   -0.98
    9.63
   -7.43
    1.67
    4.63
   -9.39
    5.67
   -5.71
    4.60
   -6.67
    1.98
    5.27
   -5.61
   -6.47
    1.86
   -8.38
   -7.21
    1.74
    7.28
   -8.25
   -8.39
    3.80
   -6.10
    1.90
   -7.66
    5.76
   -5.26
    1.95
   -0.42
   -6.88
    5.93
    0.61
    1.43
   -5.55
    4.21
   10.03
    6.73
   -0.60
    6.33
   -0.26
    9.05
    1.14
    0.34
   -0.11
    7.85
   -6.99
   -1.17
    4.07
   -3.86
    9.79
    3.85
    1.28
    5.37
    3.05
   -6.08
    7.41
   -3.10
    1.19
    2.76
    6.09
   10.58
    3.56
   -0.02
    8.84
    0.04
   -0.79
    3.64
    4.67
    4.92
   -0.20
   -5.39
    8.98
    9.99
   -2.92
    2.89
    1.97
    1.15
   -5.47
   -4.18
    6.22
    8.22
    3.62
   -2.02
   -6.12
    4.70
   -5.80
   -6.71
   -7.01
   -5.60
    9.48
   -1.34
    3.42
   -5.14
   -4.77
   -0.32
   -8.03
    7.73
   -6.59
   -1.77
   -2.97
    6.02
   10.24
    1.81
   -7.58
    8.16
    8.50
    4.85
    0.80
    8.97
   -5.65
   -8.08
    6.30
   -2.42
    8.41
   -7.30
   -3.31
   -7.90
   -8.65
   -1.06
    4.67
    1.21
   -6.34
   -6.74
   -1.14
    2.68
    0.03
   -0.25
   -6.17
    8.69
   -2.16
    6.59
  -10.18
    8.07
    0.34
   -9.63
   -8.42
   -4.58
   -6.11
   -7.49
   -3.25
   -2.96
   -0.25
   -2.70
    3.53
    3.81
    0.30
    1.96
    7.74
    0.92
   -0.59
  -11.37
   -0.72
    4.48
    7.43
  -11.90
    7.98
   -5.06
    0.40
    5.48
  -11.27
   -2.46
    3.69
   -2.28
   -3.90
   -0.56
   -9.97
   -6.95
   -1.73
   -6.13
    1.85
    2.31
    0.33
    1.11
    8.08
   -7.96
    7.04
   -3.70
    5.24
  -10.48
   -5.17
   -5.76
   -7.00
  -10.23
    3.26
    0.91
   -5.98
   -5.77
   -4.12
    2.01
    8.23
   -8.50
    0.37
   -1.74
   -8.55
  -10.13
   -1.84
   -2.30
    8.39
   -8.31
   -6.67
   -5.33
   -9.91
   -0.30
   -9.01
    5.93
    5.57
    5.19
   -5.10
   -6.59
   -1.91
    8.00
   -5.40
    3.99
   -4.44
   -1.46
   -8.17
   -3.98
    5.47
   -8.59
   -3.66
    2.95
    4.12
    1.22
    1.14
    3.52
   10.29
   10.04
    6.98
    9.09
   -6.78
   -3.14
    6.40
   -2.32
    4.98
   -1.15
   -3.06
    5.00
    7.26
   -5.45
   -6.06
    2.25
    2.51
   -1.13
   -7.47
   10.90
   -0.60
    0.05
    9.11
    4.23
    2.74
    8.42
   -7.80
    5.87
   -2.27
    7.06
   -7.45
   -4.87
   -1.40
   -5.64
    2.81
    9.16
   11.59
    8.44
   -3.59
   -7.83
    2.34
    3.40
   -4.11
    1.32
   -2.28
    7.52
    0.63
   -0.39
   11.85
   -6.71
    3.87
    5.58
    6.68
    9.29
    9.18
    9.93
   -3.19
    4.06
   -3.68
    9.01
    8.87
   11.68
    6.33
    5.14
    5.02
    9.35
   -3.79
    3.83
    1.03
   -3.18
   -7.18
   -2.07
    8.61
    7.60
   -3.82
    8.60
   -7.73
    2.24
    2.22
   -6.92
   10.31
   -6.72
   -5.23
    9.53
   10.47
   -7.79
   -2.90
    8.55
    9.69
    8.20
   -7.32
    1.68
    8.46
    8.87
    5.36
   -3.20
    9.41
   -7.28
    8.99
   -9.74
   -9.70
    3.59
   -3.66
    6.07
    1.45
   -3.02
   -2.56
   -8.19
   -2.54
    8.16
   -2.76
    1.55
   -6.61
   -7.79
    2.68
   -4.48
   -4.82
    6.02
  -10.80
    6.72
   -5.36
    1.95
   -3.51
    4.42
   -1.36
    3.59
    3.70
    4.51
    2.73
   -6.75
   -5.95
   -3.32
   -0.79
    1.42
   -1.29
   -1.40
  -10.53
    7.99
   -9.80
    6.81
   -9.26
    5.50
   -5.01
   -5.34
    7.27
   -5.91
   -4.35
    6.95
   -4.23
   -1.49
   -7.72
    1.61
   -4.63
   -3.19
   -6.71
  -11.90
   -8.19
   -8.95
    5.63
   -7.17
    6.13
  -10.12
   -5.64
    1.36
   -2.42
   -7.12
    1.58
    7.47
   -8.85
    6.89
   -5.24
   -0.81
   -0.78
    4.19
   -5.55
   -8.37
    7.71
   -7.52
   -8.71
   -3.31
   -3.38
    6.84
    2.56
   -0.33
    4.87
   -6.46
   -2.11
   -7.23
  -10.42
   -4.37
    4.53
   -4.57
  -10.24
   -9.44
    1.88
   -8.48
    4.16
  -10.47
   -4.52
   -6.50
   -6.15
    8.82
    0.26
    3.34
   -1.17
    2.92
    3.30
    0.44
   -0.76
    9.63
   -4.12
    6.28
   -9.19
   -3.12
    4.91
   -3.93
    4.80
    1.61
   -6.23
    7.23
    2.23
   10.40
    2.49
   -5.32
   -7.48
   -8.02
   -2.64
    3.18
    6.48
   -8.33
   -0.23
    6.34
   -6.27
   -2.30
    4.68
    2.56
   -5.60
    9.30
   -1.78
   -1.95
   -4.68
   -3.18
    4.76
    6.37
    0.52
    3.59
   -6.65
   -4.87
    6.05
   -0.29
   -6.34
    9.47
    9.35
   -2.25
   10.98
    2.34
    2.76
    0.26
   10.95
    1.85
    1.63
    9.20
    3.41
    5.24
   -3.37
    7.21
   -4.21
    9.91
    0.56
    0.80
    5.75
   11.33
   -0.57
   -4.64
    3.27
   -2.35
   -1.96
   -7.91
   -7.88
   11.40
    9.77
   -3.21
    0.64
    7.91
    0.95
   10.52
   -8.06
    0.72
   -0.63
   -7.85
    3.52
    3.72
   -2.60
    2.76
    6.14
    0.32
   -0.73
    1.92
   -7.79
    9.40
    2.92
    5.89
    3.45
   -1.81
    6.09
   -2.38
    7.92
   -8.04
    6.81
   -1.32
   -3.42
   -9.37
    8.32
   -6.92
    9.00
    2.26
   -1.70
   -7.15
   -1.41
    3.38
   -7.48
   -4.30
    7.18
   -3.74
   -7.14
    4.29
   -0.99
   -7.05
  -10.40
   -2.35
    3.89
   -3.70
   -1.64
    4.27
    0.13
    7.81
    1.04
    7.19
    6.40
   -7.66
    1.45
   -9.17
   -6.69
  -10.27
    5.16
   -0.12
    4.15
    3.21
   -6.28
   -0.12
   -4.84
   -5.12
    3.35
  -10.18
    5.00
   -2.16
   -2.07
   -3.49
    3.80
   -4.72
    6.36
    0.90
   -8.58
   -3.49
   -5.66
    6.24
   -4.87
   -0.17
    0.49
   -1.90
   -3.22
   -7.84
    6.90
    6.27
   -0.93
   -4.27
   -6.09
   -1.36
    1.58
   -8.46
  -10.50
   -3.29
   -4.21
  -10.34
    2.83
    3.31
  -10.24
   -3.46
   -7.74
   -8.14
   -8.01
  -10.98
   -2.20
    7.75
    4.86
    5.39
    7.75
   -8.56
   -2.84
    3.20
  -10.05
   -6.42
    6.32
   -6.02
   -2.77
   -8.15
   -0.24
    4.83
   -2.73
   -0.23
    5.73
   -3.01
   -3.08
   -2.62
    3.54
   -8.96
   -9.21
   -6.21
    3.08
    9.27
    4.27
   -8.46
    3.80
    4.69
    0.91
    2.96
    3.02
    7.01
    4.17
    8.26
    3.58
   -4.39
    3.58
    5.63
   -8.96
    9.05
   -4.77
    3.13
    9.94
    1.90
    6.62
    2.47
    9.84
   -1.95
   -4.00
    4.69
   10.25
   11.15
   -4.09
    7.68
   -4.52
    1.80
   11.26
    5.64
    8.37
    1.68
    1.69
    0.31
   -6.29
   -5.50
   -1.72
   -5.86
    0.92
    3.84
    4.76
   -4.60
   -3.85
   -2.08
   -7.01
    5.01
   -6.39
    1.17
    2.79
   -4.62
   -3.43
    2.73
   -3.68
   11.03
   -2.61
   11.76
   -3.46
    1.18
    7.18
    9.72
    0.40
   -5.86
    4.72
    9.42
   -3.90
    3.58
   -5.18
   11.04
   -5.13
   -3.27
    5.90
    4.96
    7.14
   -5.61
   -2.79
   11.50
   -6.98
   -7.14
    5.20
    7.47
   -2.81
   -2.26
   -0.71
    9.72
   -1.84
   -0.44
   -2.81
    5.47
    1.88
    1.34
    9.34
   -0.50
    9.79
    8.00
    2.96
    8.30
   -8.84
    7.66
   -4.68
   -9.00
    9.88
   -5.19
    6.41
    7.25
   -4.43
    5.29
    1.08
   -8.04
    9.11
   -6.71
   -9.57
   -3.14
   -7.50
    0.09
    2.64
    9.03
   -6.87
    4.70
   -6.81
   -3.82
   -7.58
    6.48
    4.40
    8.96
    8.80
  -10.56
    4.38
  -10.00
    5.13
   -1.34
   -4.59
   -0.12
   -9.57
   -1.64
    1.51
   -9.93
    6.02
    1.93
    5.62
   -7.47
    6.05
    3.96
    6.03
   -3.59
    2.32
    3.88
    2.14
    1.49
    3.64
   -8.29
   -0.29
   -1.47
   -0.66
    5.61
    5.43
    6.49
   -2.62
   -8.76
    0.84
   -3.36
    6.70
   -6.93
    5.65
   -6.42
   -6.07
    7.57
    0.46
    3.00
    4.62
  -11.78
   -1.19
   -3.54
   -1.35
   -7.55
   -1.37
    3.04
   -9.85
    0.36
    3.08
   -2.31
    1.81
   -4.51
    0.70
   -3.29
    3.42
   -2.71
   -4.98
  -10.09
    4.93
   -4.46
   -6.51
   -0.29
   -6.13
   -3.34
    5.83
   -2.86
    7.00
   -8.16
    1.65
    4.69
    6.55
   -2.88
   -2.39
   -3.97
   -9.34
   -4.70
    3.80
    2.58
    8.33
  -10.34
   -0.39
   -2.95
    8.58
   -0.25
    8.87
    3.74
   -5.83
    8.81
    4.45
    5.82
    9.56
   -6.75
   -7.74
   -0.65
   -6.67
    3.89
    4.45
    4.34
    4.91
    9.22
   -7.80
    2.53
   -4.28
   10.30
    7.76
   -7.82
   -5.35
   -2.18
    5.89
    9.65
   -1.98
    0.73
   -5.28
    7.83
   -6.25
   -2.91
    5.86
    1.56
   10.05
   -3.57
   -5.93
    9.84
   -1.60
    4.28
   -3.86
    4.91
    0.94
   -1.55
   -0.79
   -1.81
   -7.76
    7.11
    8.52
   -6.73
    5.42
   -1.10
    4.42
   -4.54
   -7.34
   -5.10
   -1.15
    8.52
   10.08
   -7.76
    1.14
    8.09
   -3.01
    9.97
    3.24
    2.04
   -0.46
    6.44
   -5.76
    7.67
    8.76
   -1.19
   -5.65
   -4.11
    2.86
   -5.70
   -1.79
   -7.86
    4.02
    3.35
   -2.41
    4.21
   -0.41
    4.67
   -6.55
    7.06
   -2.51
   -7.81
    7.42
   -5.66
    6.19
   -6.26
    2.55
    6.88
    8.88
   -8.14
    3.57
    8.10
    2.18
   -3.77
    6.43
   -3.84
    9.10
   -1.89
    7.30
    3.10
   -3.57
   -3.34
    0.75
   -9.16
    6.52
    7.09
   -2.36
   -6.06
   -6.61
    0.64
   -8.00
   -0.55
   -6.75
    6.62
    7.64
   -6.56
   -0.65
    6.07
   -6.15
    4.44
   -8.69
    7.49
    0.66
   -6.09
    8.70
   -5.61
    3.36
    3.33
   -0.99
   -5.36
    6.53
    8.40
   -9.87
    1.85
   -2.75
   -9.99
   -2.97
   -1.56
   -2.13
   -8.00
   -7.05
   -9.24
    8.09
   -4.00
   -5.18
    5.95
    6.33
    2.97
   -6.74
    0.74
    0.66
   -8.32
   -3.25
   -7.87
   -1.16
    4.10
    0.30
   -0.08
  -11.93
    7.55
  -11.57
   -8.86
   -6.19
    3.88
    2.58
   -3.72
  -11.87
   -4.58
    2.89
    7.53
   -2.56
   -2.18
   -5.77
  -11.20
   -0.50
  -10.22
    6.87
    7.58
   -0.06
  -10.32
    1.19
   -1.21
   -1.99
  -11.04
    7.08
   -9.56
   -8.20
   -7.37
    7.49
    1.11
   -7.14
   -3.62
   -3.56
   -0.55
    0.04
   -9.33
    1.47
   -4.60
    2.90
    1.82
    0.33
   -6.61
    4.40
   -0.26
    2.10
   -2.63
   -7.10
    2.72
    2.80
   -2.29
   -6.31
    9.03
    5.13
   10.01
    9.74
    5.35
   -7.12
   -4.22
    1.96
    2.19
    9.44
   -5.09
   -1.29
    6.09
   -9.15
    0.15
    4.81
   -1.33
    3.21
    3.39
   -0.23
   -7.30
   -5.62
    3.82
   -4.41
   -5.12
   10.21
    7.92
    3.75
    5.58
    4.92
   11.44
    1.70
    5.46
   -3.92
   -6.82
    8.65
   -1.05
   -6.18
   10.62
    0.80
    4.58
   -5.49
    7.48
   -4.14
    2.21
    8.72
    3.14
   -2.95
    7.13
   -6.42
   -6.10
    6.43
    1.07
   -0.35
   -3.78
   -2.52
   10.02
    1.91
    1.63
   -2.68
   -1.07
    5.40
   -6.24
    8.04
   -6.62
   -5.01
   -2.91
   -2.38
   -2.00
   -0.28
    7.60
   10.04
    1.87
    1.38
   -4.68
    4.87
    0.66
   -2.43
    8.76
   -3.74
    5.86
    9.03
   11.17
    1.22
   10.63
    1.40
   -1.29
    7.31
    2.75
   -8.59
   10.53
    9.73
   -5.72
    7.33
    0.61
    7.79
   -1.81
   -6.11
    1.60
   -9.36
    1.82
   -8.51
   -9.51
    2.60
    7.28
   -0.11
    6.14
   -2.42
    8.61
   -3.80
    8.66
   -6.86
   -4.07
   -2.80
   -9.27
   -6.22
   -3.64
   -3.77
   -9.23
   -6.38
    1.97
    4.18
   -2.02
    8.45
   -5.60
    5.10
   -0.78
    7.24
   -3.46
   -3.98
   -2.17
   -7.10
    0.94
    1.26
   -5.71
    2.50
    5.23
   -8.98
   -1.26
   -3.16
    4.29
   -5.62
    5.45
  -10.61
  -10.62
   -3.25
   -0.97
    4.64
    4.11
   -8.44
    2.62
   -4.28
    7.30
   -3.56
   -2.01
   -8.46
   -7.28
    3.67
    7.37
    3.24
   -4.41
   -4.90
    7.27
   -0.04
   -3.77
   -8.54
    4.19
    4.04
   -9.73
    5.85
    2.06
   -4.34
   -4.05
   -8.08
   -8.24
   -3.30
  -11.84
   -3.87
   -7.68
    4.10
  -10.54
    4.53
   -5.83
    2.56
    7.99
   -6.06
   -5.90
    6.59
   -7.96
   -2.59
   -7.79
    1.98
   -8.20
   -5.87
    0.70
   -3.39
   -2.23
   -6.33
   -5.44
   -9.39
    6.08
    4.62
   -5.97
   -4.00
    0.84
   -2.37
    9.10
   -4.42
    3.08
   -7.30
   -4.24
   -8.70
   -3.14
    1.05
   -5.87
   -8.15
    2.01
   -8.82
   -1.40
    9.88
    3.98
    9.43
    9.62
   -1.66
   10.34
    4.78
   -2.41
   -3.67
    4.29
    8.18
    8.48
   -5.72
    5.03
   -3.79
    1.34
    8.56
    4.96
    8.98
    7.80
   -4.59
   -6.22
   -7.39
    3.25
   -5.79
   -0.48
   -4.07
    0.09
   10.24
   -3.70
   -8.34
   -7.26
    6.75
    9.14
   -8.12
    4.56
   -3.66
    5.52
    7.90
    6.60
    1.85
    3.85
    4.59
   -1.67
   -3.49
    8.87
   -1.07
    0.14
   -6.44
    3.82
   -6.91
    7.73
   -4.88
    9.55
   11.73
   -1.50
   10.59
    0.56
   -6.16
   -0.46
   -5.70
    7.75
    8.83
    7.84
   -7.43
   -1.77
    7.06
   -7.85
   10.20
    1.90
   -5.34
    6.71
    6.26
   -5.13
    2.88
    6.98
    9.27
    9.90
    1.69
   -2.86
    1.83
    3.60
    7.72
   -0.44
    4.48
   10.47
   -3.26
   -3.98
    9.10
   -6.04
   10.37
   -9.09
   -8.43
    4.27
    7.23
    6.28
   -6.18
   -6.91
    8.42
   -1.30
    5.31
   -4.78
    7.42
    8.14
   -6.15
    7.00
   -5.63
    8.54
   -4.23
   -8.29
    4.66
   -9.59
   -4.50
    1.81
    1.97
    5.22
    4.50
    7.94
    5.63
    1.69
  -10.34
    5.02
   -7.60
    3.96
    0.87
    5.03
    2.58
    1.63
    8.18
    6.75
    0.57
    1.66
   -1.77
   -7.63
   -0.35
   -7.81
    0.05
    0.98
    1.34
    8.16
   -9.76
  -11.15
   -1.01
  -11.12
    7.61
    6.78
   -4.23
   -2.56
    7.03
    4.09
    7.11
   -7.99
    2.86
  -10.37
   -2.60
   -1.06
   -8.44
   -0.34
    1.13
   -2.08
    3.74
    2.57
   -1.57
  -11.24
   -4.27
   -9.56
   -5.03
   -9.70
   -9.71
    7.55
   -3.90
    0.94
   -3.19
    5.75
    5.62
   -8.69
    0.94
   -3.39
   -1.25
   -1.35
   -6.51
   -9.38
   -0.57
   -6.99
  -11.23
   -6.87
   -7.76
    5.52
    2.29
    7.14
   -1.67
    8.41
   -2.23
   -6.87
    6.12
   -3.12
   -6.28
   -4.41
    6.05
    2.89
   -0.94
    6.49
   -0.10
   -9.09
    8.55
   -4.28
   -5.57
    5.34
    7.15
   -1.80
    9.31
    0.04
   -5.89
    8.07
    9.62
   -0.52
   -3.79
    9.61
   -7.49
    2.08
    0.47
   -4.86
   -1.61
   -4.93
   -3.73
   -0.32
   -3.61
   -8.45
   -3.26
    2.67
   -5.69
   -0.82
    9.58
    6.28
    2.80
   10.87
    7.29
    0.90
    4.05
    7.40
    6.72
    7.34
   -5.20
    1.71
    8.02
    5.84
   -6.36
   -4.79
    2.96
    2.19
    2.90
   -3.95
    2.61
    0.44
   -5.33
    9.06
   -5.54
   -7.23
   11.35
    7.68
   -1.22
   -4.05
   10.56
   -2.23
   -5.47
    4.92
    4.35
    3.26
    4.51
   -6.92
    2.87
    3.69
    9.90
    9.58
   -7.66
   -6.37
    4.29
    3.32
   -2.53
   -6.03
   -3.06
    4.06
   -1.81
    5.10
   -4.55
   10.15
   10.81
   -8.13
   -2.08
   -6.69
    3.50
   10.63
    4.29
   10.25
   -3.79
    7.93
   -2.73
   11.12
   -5.14
    1.17
    2.43
   -5.14
   10.06
   -8.78
   -2.16
    1.44
   10.06
   -3.22
    2.99
   -9.05
   -1.89
    0.66
   -2.90
   -0.43
    4.32
   -2.00
   -3.13
    2.46
    1.67
   -3.77
    3.46
   -6.56
   -3.37
   -2.97
    9.00
   -8.39
    3.93
   -9.82
   -7.57
    4.84
   -4.09
    9.06
   -5.40
    0.11
   -3.89
   -1.65
    2.96
   -9.31
    7.30
    3.36
   -4.59
   -9.64
    3.83
   -8.64
   -6.36
    4.26
   -1.59
   -5.29
   -4.09
    6.81
   -6.76
    5.92
   -1.04
   -3.57
    5.53
   -5.47
   -0.37
   -2.87
   -2.65
   -4.03
    5.53
   -3.03
   -0.07
    2.17
    5.35
   -6.53
    2.24
    4.08
  -11.63
   -4.26
   -5.93
   -3.84
    3.40
   -6.29
   -6.67
   -7.42
    7.14
    3.98
    7.88
    5.46
   -8.15
    2.76
    1.62
   -5.15
    2.41
   -4.47
   -4.98
    0.69
   -7.19
   -6.30
  -10.06
    6.58
   -8.12
    8.07
  -10.98
    5.41
  -11.39
  -10.84
   -0.81
   -3.02
    6.62
    4.44
  -10.29
    7.34
   -1.85
    2.46
   -5.39
    0.10
    7.38
   -6.19
  -10.66
  -10.38
   -6.91
   -1.05
   -7.99
    6.02
    0.79
   -7.04
   -1.16
    2.09
   -5.91
   -2.84
    4.05
   -7.89
   -4.38
    7.55
   -5.86
   -7.50
    7.09
   -9.82
    6.47
   -5.68
   -0.97
   -6.64
    2.34
   -2.23
   -0.44
    6.79
    4.33
   -1.63
   -7.16
   -2.49
    8.05
   -4.74
   -3.29
   -7.24
   -1.70
   -8.92
    9.79
   -0.25
   -0.45
   -5.99
   -2.16
   -7.84
   10.85
   -8.48
    9.71
   -6.29
   -4.91
    6.02
   -7.55
    8.47
   -7.42
    2.36
   -4.11
    8.12
    9.13
   -2.61
   -3.38
    5.99
    8.39
    1.07
   11.25
    8.09
   -1.38
   -0.25
    9.18
   10.97
    3.81
   11.16
   -5.40
   -3.61
    9.21
    1.36
    8.00
   -7.06
   11.18
   -6.52
   -3.06
   -5.42
    1.50
   -1.57
    6.24
    5.91
   -4.03
   -2.58
   -2.38
    4.42
   -2.64
    6.36
    8.57
    9.63
    2.92
   -7.83
    0.69
    9.01
    6.05
   10.97
    7.44
   10.86
    2.45
   -1.97
   11.10
   -5.93
   10.61
   -0.23
   -0.67
    4.63
   -3.25
   -2.46
   10.93
    9.20
   -5.98
   -6.77
    1.02
   -4.59
    6.15
    6.86
   -4.33
    9.12
    5.47
   -4.05
    5.79
   -1.53
   -4.72
    6.91
   -9.52
   -5.10
    6.61
    8.03
   -0.29
    1.03
   -0.62
   -5.31
    6.39
   -4.72
   -2.14
   -3.81
   -2.14
    3.60
   -9.46
   -5.46
   -3.38
    7.83
    4.49
    5.12
    0.62
    1.14
    3.89
  -10.73
   -7.25
    0.22
    3.08
    8.65
  -10.16
    4.38
    3.94
   -8.43
    1.00
   -8.48
    7.63
    1.09
    5.22
    1.01
   -9.24
   -4.87
   -1.47
   -6.60
   -4.15
  -11.62
    0.41
   -3.01
    6.24
    5.98
  -10.40
   -8.62
   -4.61
   -0.62
   -0.66
   -2.25
    0.40
   -6.32
    1.90
    6.11
   -9.87
   -2.83
   -7.49
  -10.56
   -2.47
    2.58
    2.73
   -5.39
    6.40
   -9.78
   -6.89
    0.23
    2.53
    3.10
   -4.71
   -8.52
   -0.78
    3.70
   -6.59
    1.53
    7.14
    2.93
   -5.05
   -9.81
   -1.41
   -9.33
    0.91
  -10.81
   -3.85
   -1.65
    5.43
    4.36
   -4.31
    3.37
   -5.34
    4.81
   -6.28
    5.39
   -4.87
    8.91
    9.17
    4.49
    1.44
   -2.95
  -10.43
   -8.80
   -6.67
    1.43
   -8.60
   -1.60
   -7.90
    2.70
    5.22
    5.15
    6.45
    3.36
   -5.31
    2.35
   -2.29
    8.13
    0.35
   10.23
   -5.67
    1.21
   -2.43
   -2.19
    5.90
   10.38
   -1.08
   -5.80
    6.42
    7.93
   11.00
    1.69
   -2.95
   -1.45
   -4.50
    0.89
   -1.89
    4.05
    4.71
   -2.45
    0.60
   -5.06
    1.47
    1.42
    6.94
   -1.03
   -6.64
    6.88
   11.22
   -3.62
   11.35
    5.49
    8.81
   -7.79
    2.83
    0.40
    5.16
   -4.61
    8.96
   -7.38
   -5.69
   -5.32
   -3.56
    9.21
   -3.59
    1.55
   -6.30
    3.34
    4.92
    9.90
    1.30
   -3.86
   -7.01
    2.65
    6.87
   10.54
    9.29
   -4.75
   -5.60
    6.92
   -6.78
    6.01
   -2.19
   10.64
   -0.54
    3.28
    9.00
    1.49
    1.92
   -0.35
   10.21
   -5.10
    7.12
    2.85
    0.80
    5.20
    6.75
   -6.38
    8.37
    0.61
   -0.12
    0.48
   -5.75
    0.12
   -5.69
    1.23
    3.42
    2.38
   -2.53
    1.55
    8.73
   -3.76
    6.55
    0.26
   -0.43
    3.38
    8.08
   -8.42
    4.85
    2.70
   -3.09
   -5.77
    0.38
    6.58
    4.49
   -2.58
   -9.34
   -0.89
    6.61
   -6.33
   -5.00
    6.03
    0.41
    8.57
    7.96
    6.74
    0.90
   -2.66
    4.38
   -1.97
    6.71
   -1.62
   -1.50
   -0.20
    5.29
   -6.48
    7.63
   -7.49
    7.58
    5.33
   -9.81
   -3.34
    1.83
    1.19
    8.09
    4.12
   -3.03
   -5.75
    3.46
   -8.84
    5.31
   -8.68
   -0.24
    3.62
   -5.36
   -2.44
   -2.60
    3.75
   -0.42
  -11.86
   -6.53
  -10.97
    2.51
   -3.38
   -3.90
   -7.17
   -6.29
   -9.63
    3.07
   -3.05
    0.93
    2.81
   -5.18
    6.02
   -1.67
   -7.56
   -8.20
   -6.23
    4.84
   -1.08
    6.28
   -8.73
    1.81
    5.79
   -1.55
    6.91
    0.10
    0.34
    6.92
    8.31
    6.54
    0.08
    3.65
   -3.88
   -0.28
   -3.67
    3.14
   -0.29
    5.19
    4.46
   -3.88
    4.66
    0.08
   -8.75
   -2.49
    2.26
   -3.03
    8.84
   -1.12
   -9.35
   -2.77
    5.84
   -4.90
   -1.84
    3.80
    5.09
   -4.44
   -1.79
    3.12
   -1.56
    9.66
    6.29
    6.68
    8.34
   -3.36
    8.76
    1.80
    6.27
    9.91
   -6.52
    1.84
   -1.82
    5.65
   -7.67
    5.77
    6.65
    5.79
    5.71
   -2.93
    0.01
    5.47
   -1.28
   -7.84
   -1.71
   -5.30
   -0.60
    7.94
    6.15
    4.58
    8.76
   -1.00
    2.49
    7.73
   -7.33
   -6.01
   -2.79
    3.27
    5.65
    1.47
    4.48
   -4.01
   -3.47
   -4.91
    3.28
   -0.02
    6.08
    8.18
   -5.47
   -3.26
    6.26
    7.64
    5.21
   -2.57
   11.63
   -2.65
    9.35
   -0.26
   -7.52
    0.78
   -4.15
    8.95
   -0.12
   -6.87
   -6.77
   -6.52
   -7.44
   -7.28
    1.26
    4.74
   -4.27
    1.84
   -0.64
   11.39
    1.76
    6.92
    2.05
   -1.97
    2.67
    8.15
   11.07
   -1.86
    4.57
    8.39
   -5.44
   -8.53
   -6.05
   -8.55
    3.00
   -4.18
    5.87
   -0.11
   -7.91
    3.22
    3.94
    1.99
    2.46
   10.32
    2.26
   -1.75
    6.25
   -6.65
   -0.74
   -2.82
   -9.38
   -2.60
   -6.75
   -9.47
    8.09
  -10.04
   -9.89
   -2.17
    3.76
    9.07
   -7.45
   -9.65
  -10.58
   -4.45
    1.51
    4.40
   -5.46
   -0.16
   -0.72
   -5.92
    4.07
   -6.87
    4.52
   -6.74
   -6.78
   -7.13
  -10.76
   -2.87
  -10.94
   -7.40
    7.51
   -7.08
  -11.06
    6.30
    6.17
   -9.84
    5.93
   -3.07
    7.37
    0.24
   -9.04
   -0.51
   -7.03
   -4.63
    1.96
  -11.59
    0.84
   -3.20
  -10.14
   -0.77
    2.99
    2.69
   -8.59
   -5.10
   -4.33
    5.03
   -1.11
    6.06
   -8.78
    6.14
   -3.23
   -3.87
    1.91
    4.50
   -4.89
    0.43
    5.60
   -0.07
   -9.98
  -10.13
    3.22
    8.19
    0.74
  -11.00
   -1.77
   -5.15
   -6.11
   -1.74
    7.95
   -1.30
    4.32
   -9.10
   -3.35
   -5.60
    3.07
   -6.01
    0.61
    4.56
    2.02
    3.98
   -4.95
   -8.84
    5.52
    6.57
   -7.07
   -3.59
   -1.13
   -8.98
    5.58
    2.93
    3.68
    8.66
   -4.75
    3.30
   -9.97
    6.02
    9.53
    9.04
   -4.31
    2.16
    7.65
    8.92
    1.98
    0.43
    8.63
    6.62
   -3.26
    4.61
   -8.67
    7.86
   -6.12
    9.42
   -3.68
    6.79
    0.22
   -4.61
   -0.26
    1.87
   -1.29
   -1.88
    8.92
   10.96
   -0.98
    1.94
    9.92
   -3.93
    4.58
    7.88
   -3.04
    7.08
    6.80
    6.06
   -6.30
   -4.74
   -4.02
    2.48
   -3.59
    5.85
   -0.81
   10.13
    8.99
    0.14
   -4.99
   -5.54
   -0.09
   -3.02
   -4.92
    3.35
   10.98
    3.54
    2.65
   11.31
    8.02
    5.53
   -2.16
    8.07
    3.42
    6.74
   -0.01
    1.71
    0.53
    8.03
   -3.38
    5.94
    9.92
   -4.38
    9.52
    1.86
    7.61
    8.79
    7.53
    4.17
    5.08
   -3.01
   -3.68
    1.62
    1.18
   -3.81
   -5.06
    1.89
    5.88
   -5.18
    9.36
   10.86
    6.02
   -1.15
   -7.25
   -3.74
    2.79
    6.46
    2.74
    5.64
   -8.84
    1.93
    5.55
    8.81
   -8.85
   -1.04
   -3.08
   -5.50
    1.03
    3.37
    9.98
   -8.37
    2.33
    5.21
   -0.03
    4.67
    6.74
   -9.86
   -4.13
   -6.33
   -5.01
    0.29
    8.86
    8.38
   -2.64
   -5.53
    7.61
    6.98
    6.37
   -2.32
   -9.37
    9.04
   -8.91
   -9.88
    5.26
   -7.08
    3.51
    5.48
    3.73
    7.52
    6.63
  -11.37
    5.93
    8.43
   -5.50
    2.71
   -0.79
  -11.57
   -5.74
   -4.45
    4.92
   -7.68
   -0.25
   -4.48
    1.97
    6.28
    7.28
    6.70
   -2.92
   -8.56
    3.17
   -6.53
   -7.96
   -8.13
   -6.88
    4.43
   -2.10
    6.99
    3.52
    5.75
    5.81
   -1.64
    4.62
   -6.16
    4.96
    0.75
    5.57
   -2.55
   -2.73
    7.68
   -8.68
   -0.94
   -0.98
    1.32
   -8.57
    5.79
   -0.71
   -3.30
   -9.30
   -0.51
    5.35
   -9.60
   -8.28
   -3.60
    4.84
    3.49
   -0.64
    6.03
   -5.08
  -11.00
   -3.09
   -0.46
    8.23
   -6.42
    4.38
   -2.61
    5.73
    3.72
    8.44
    6.39
    6.43
    6.20
   -5.53
   -3.77
    4.00
   -6.99
   -9.85
    5.23
    0.25
    0.56
   -8.70
    5.56
    5.44
   -6.63
   -0.66
   -2.23
   -4.41
    2.03
    0.71
    4.84
   -3.51
    5.64
   -1.83
   -4.63
    4.75
    8.50
    3.95
    6.36
   -4.39
    1.28
    4.84
   -4.74
    7.67
   -3.46
    8.99
   -8.58
   -5.52
    8.55
    4.85
   -3.15
   -6.92
    7.66
    1.69
    6.55
   -0.72
   -1.18
    2.27
   -2.07
   -0.09
   -5.36
   -2.89
   -0.14
   -8.06
   -7.22
   10.96
   10.95
   -1.59
    7.69
   10.76
   -2.78
   11.37
    6.73
    5.86
   -0.75
   11.48
    0.73
    9.80
   -1.45
   -5.25
   -1.19
   -5.78
   -6.61
   -4.11
   -2.33
    4.37
   -5.98
   -1.25
   -4.77
    6.82
    7.22
    3.51
   -1.38
   -1.26
    0.30
    0.80
   -3.43
    9.28
   -5.65
    2.62
    6.16
    2.66
   -3.07
    0.29
    3.98
   -6.73
    4.23
   -0.91
   -8.40
    2.55
    2.40
   -0.11
    5.47
    7.79
   -1.51
   -2.33
    1.18
   -7.24
   10.51
    6.78
    2.11
   10.35
    7.14
    3.24
    2.40
    6.85
    6.58
   -6.17
   -5.64
   -1.68
    4.89
    2.04
   -9.80
    8.75
    3.69
    0.97
    8.21
    0.10
    7.29
    2.96
   -6.79
    4.16
   -1.00
   -3.69
    1.52
    6.39
    7.08
   -1.30
    0.08
   -8.38
  -10.13
   -2.49
   -9.77
    1.47
   -9.62
    7.12
    5.61
   -6.09
   -9.77
   -7.07
   -5.38
   -5.59
   -7.05
   -7.57
   -2.91
  -10.80
    6.75
    2.94
    5.53
   -9.70
   -3.52
    6.45
    0.52
    2.38
   -4.84
    1.13
   -9.33
    1.58
    4.77
  -10.11
    6.82
   -3.80
   -3.59
   -4.40
    0.79
   -0.79
   -0.00
   -6.48
   -1.83
    2.65
   -6.97
   -9.83
   -4.03
    3.95
   -0.96
   -0.49
   -5.82
   -5.89
    5.24
    5.65
   -8.07
   -2.36
  -10.40
    2.65
   -1.88
   -5.39
    7.33
    1.10
    6.16
   -5.64
    6.60
   -8.45
    3.29
   -8.83
    3.84
   -4.99
    4.24
   -8.20
    8.28
  -10.01
   -0.82
    4.93
    5.86
    6.71
    6.11
    2.41
   -7.42
   -1.94
   -2.32
    2.47
    7.21
   -2.57
   -7.75
    4.72
   -6.70
   -6.53
   -0.54
    7.06
    0.73
   -8.33
   -9.97
   -5.46
   -3.60
   -7.17
    0.10
    9.90
   -5.45
   -1.58
   -0.17
   -3.78
   -3.76
   -7.18
   -3.58
    1.32
    8.34
   -7.59
    1.43
   -6.03
   -8.19
   -8.46
   -7.35
    2.14
    9.50
   -4.62
    0.17
    3.00
    3.05
    9.68
    6.83
   -5.16
    9.49
   -2.71
   -6.77
    0.87
    6.98
   -8.22
   -3.12
   -5.17
    0.03
   -2.39
   -4.12
   -1.36
   -5.93
    7.53
    6.95
    1.71
    9.38
    6.54
    7.75
   -7.74
    4.44
   -7.00
   -6.32
   10.50
   -1.43
    6.31
   -0.98
   -6.33
    4.10
   11.85
   -7.59
    2.92
   -2.33
   -7.64
   -3.25
    2.15
    1.22
   -3.37
    3.45
   -1.38
    2.01
   -5.34
   11.08
   -4.45
    2.37
   10.03
   -1.68
    6.45
    8.48
   -1.09
    1.47
    1.52
    8.79
    6.09
    6.04
   -4.32
   -8.31
    7.82
    2.99
    8.75
   -7.40
   -8.52
   -0.71
    7.26
    0.36
    2.29
   -7.40
   -1.73
   -6.91
    6.74
    0.74
    5.07
   -6.59
    2.83
   -4.76
   -5.35
   -7.06
    7.50
    9.31
    7.19
   -3.67
   -9.41
   -9.72
   -2.71
   -5.50
    5.83
    6.31
   -2.86
   -2.62
    8.76
   -2.39
   -8.41
   -4.01
   -8.63
    1.83
   -4.94
    3.84
    3.75
    4.02
    0.32
    7.79
   -7.40
    0.88
  -10.89
   -1.76
    6.49
  -10.65
   -5.24
  -11.31
   -1.83
  -10.31
    6.55
   -5.33
   -6.38
   -7.22
    6.01
    2.10
   -1.93
    1.94
    5.09
   -5.04
  -11.21
   -0.95
   -3.79
   -7.65
    4.90
    5.02
    4.13
    4.96
    3.87
    4.75
  -10.20
    0.89
   -4.89
    6.29
   -4.02
   -9.19
    0.22
    4.55
    4.79
    2.57
   -9.71
   -0.71
   -2.87
   -4.86
  -10.04
   -2.53
    3.95
    1.90
   -1.62
   -9.97
   -0.52
   -6.64
   -2.85
   -6.94
    6.15
  -10.74
   -5.08
    3.23
    1.62
  -10.09
   -0.88
   -2.26
   -2.51
   -2.83
    4.33
    8.55
    0.05
   -5.51
    7.68
    1.01
    2.70
   -3.43
    1.11
    6.87
    0.47
   -1.71
   -9.60
    1.68
   -3.75
   -6.97
   -8.82
   -3.47
    8.98
   -9.67
   -8.19
   -5.83
   -6.32
    3.00
   -6.98
   -0.45
    3.38
   -6.42
   -5.34
   -5.30
    2.86
   10.12
   -0.99
    7.96
    4.38
    1.36
    1.25
    7.63
   -4.83
    1.39
   -3.37
    9.96
    6.89
   -6.53
   -5.41
   -8.40
   -3.17
    3.46
    9.74
   -3.76
   11.22
   -7.53
   -0.31
    5.86
    0.10
   -1.08
   -0.18
    6.16
   -5.61
   -0.01
    4.81
   -3.50
   -5.44
    2.46
    7.19
   -5.89
    1.36
   -7.10
    2.68
    2.73
   -1.66
   -2.77
   -7.64
   -4.36
   -3.75
   -0.37
   11.82
    3.04
    9.38
   10.97
   -2.86
   -6.20
   -6.36
   -3.63
   -2.28
    1.58
   -3.31
   -7.62
    6.00
    5.35
    9.79
    3.35
   -5.88
   -5.72
   11.59
    7.29
    7.29
    7.00
   -6.14
    1.06
    4.28
   -4.80
   -1.06
   -5.07
   -5.52
    1.71
   -0.77
    6.53
    2.17
    2.75
    8.44
    4.19
    7.37
    4.84
   -5.26
    9.59
   -6.22
    5.87
    5.82
    9.86
   -6.56
   -9.45
   -4.15
    9.06
   -1.64
   -9.59
    4.15
    8.90
    8.99
   -2.09
   -4.01
    9.05
    9.61
    5.25
   -4.99
   -3.37
    0.49
   -2.78
   -2.24
   -4.80
   -2.98
    8.66
   -0.14
    3.06
    5.72
   -3.77
    4.21
   -9.07
    7.05
   -5.54
    1.11
  -10.94
   -4.87
    6.40
   -9.96
   -6.34
    4.39
   -1.67
   -6.44
    2.70
   -7.01
  -10.85
   -7.11
   -8.90
   -6.75
    3.98
   -4.48
   -4.63
   -1.27
    2.13
    4.58
   -2.54
   -1.48
  -10.48
    0.12
   -1.84
  -11.90
    5.42
    2.34
  -10.26
    7.17
   -6.42
    6.54
   -1.96
   -5.54
    7.80
    0.10
    3.94
  -10.69
    1.69
   -8.77
   -5.86
   -9.92
   -6.97
   -0.32
   -8.65
   -0.41
   -7.63
   -0.78
   -6.08
    7.30
    6.05
    2.09
   -5.25
   -1.59
    3.56
   -4.68
  -10.43
   -0.17
   -0.71
   -1.22
    4.69
   -6.91
   -1.29
   -4.60
   -5.91
    3.99
   -1.15
    2.88
   -4.21
   -0.74
   -6.84
   -2.38
   -2.31
   -0.01
   -9.19
    0.37
    2.86
    2.00
    0.28
   -6.29
    3.95
   -6.90
    7.43
    1.51
   -2.72
   -2.85
   -2.20
    0.19
    6.08
   -4.99
   -6.54
   -8.08
    3.20
   -7.50
   -5.96
    9.63
    3.21
    5.00
   -7.65
    3.93
   -6.21
    9.13
   -5.86
    1.91
   -3.40
   -8.79
   -7.50
    7.78
    7.47
    2.59
    6.35
   -4.54
    5.93
   -8.08
   -6.45
    2.92
    4.21
    4.18
    8.22
   -1.47
    5.52
   -3.25
   -7.43
    9.20
    1.76
    2.20
   -7.07
    0.42
    0.59
    7.99
   10.36
   -1.83
   11.89
    3.18
   -4.53
    2.73
    3.54
    1.77
   -2.29
    4.32
   -3.36
   -6.85
   -1.05
   10.64
   10.12
    9.31
    1.57
   -3.68
    4.58
   -1.09
    0.80
    4.14
   -4.23
   -1.72
   11.42
    8.26
    7.10
    9.25
   -0.97
    9.25
   -8.15
   -6.10
    5.42
   10.96
   -5.44
   -3.81
   -1.46
    9.34
    1.84
    0.33
   -3.29
    3.11
   -7.39
   -3.74
   -2.73
   -3.70
   -2.35
    1.79
   -0.39
    2.65
   -1.51
   -8.26
   -7.47
    1.87
   -4.19
    3.90
   -4.04
   -2.10
   -2.89
   -8.11
    7.20
    8.83
   -6.22
   -5.09
    1.30
   -1.10
   -2.48
   -5.75
   -3.98
    2.25
    6.17
    6.91
   -8.92
    8.60
    8.94
    5.81
   -8.20
    0.78
    0.96
   -2.87
    7.04
   -5.86
   -2.80
    4.32
   -8.32
    7.85
   -4.17
  -10.84
    3.32
   -1.93
    0.85
   -0.47
    3.41
    2.98
   -5.73
   -5.80
   -7.21
  -10.35
    7.48
   -5.58
   -8.46
   -7.07
    2.03
   -7.65
   -6.73
   -3.97
  -10.07
    6.45
    3.73
    3.08
    3.15
   -6.27
   -6.19
   -6.43
    2.59
  -11.18
   -3.04
  -11.43
   -3.62
   -0.07
    0.90
   -0.99
   -2.41
   -8.26
    3.78
    5.60
   -8.69
    5.08
    4.71
    0.81
    1.08
    3.62
   -1.41
    2.65
    4.73
   -2.78
    5.40
   -9.68
  -10.49
   -7.62
    3.84
   -8.24
   -3.22
   -0.55
   -0.68
   -6.92
    5.82
    6.68
   -3.64
   -0.20
    7.26
   -8.73
    5.29
    0.05
   -4.30
   -2.84
   -6.50
   -0.35
   -8.14
  -10.22
   -9.17
   -1.11
    3.92
   -2.32
   -0.51
    1.50
   -1.60
   -9.05
   -1.62
    5.16
   -9.57
    6.62
   -8.36
    4.09
    3.16
   -9.14
   -8.34
   -6.43
    6.80
    8.09
    6.55
    6.01
    6.97
    6.96
    1.80
    9.31
   -7.69
   -6.83
    6.47
   -3.18
   -8.38
   -0.70
   -6.35
   -0.76
   10.28
    1.23
    5.43
    8.44
   -3.94
   -8.18
   -7.96
    3.12
    4.31
    1.10
   -4.42
    6.36
   -7.42
   -6.43
    7.99
    4.97
   -5.48
   -7.67
   -6.58
    0.85
    3.21
   -0.00
    4.99
    4.14
   -6.17
    6.55
    5.99
   -1.76
   -4.19
   -5.88
    5.28
    6.72
    4.17
    8.55
   -2.76
   -7.84
    0.41
    7.88
   -3.99
   -3.24
   -7.28
   -2.32
   -5.84
   -5.15
    5.47
    3.31
   -4.39
    7.43
    8.24
    9.00
   -6.91
    8.32
   -5.91
   -6.17
   -0.09
   -7.60
   -2.75
   -5.41
    5.99
   -4.36
    0.25
    5.47
    8.50
   -3.00
    0.30
    4.75
    6.63
   -7.79
    5.13
   -1.85
   -9.07
    9.47
    8.21
    9.31
   -3.11
   -3.05
   -6.72
    6.90
   -7.04
   -7.75
   -1.68
   -1.18
   -7.05
    3.63
    8.90
    3.12
    2.80
   -6.77
   -9.22
    5.85
   -8.35
   -7.92
   -7.90
   -4.18
   -2.61
   -3.01
    4.73
    6.19
   -3.42
   -0.60
   -4.85
   -7.09
    8.65
   -4.02
   -5.40
    0.13
    4.51
   -8.76
   -1.31
    2.38
  -10.35
    1.88
    6.33
   -6.31
   -8.55
   -6.90
    8.03
   -6.41
    0.98
   -3.22
   -6.35
   -0.09
   -0.93
    1.49
  -10.62
   -1.47
   -3.11
    4.45
   -5.72
    0.02
    0.81
   -4.74
    6.05
   -6.95
   -8.37
    1.59
    6.23
    4.79
  -11.77
    6.75
   -5.21
   -1.90
    5.61
  -10.95
    4.03
   -4.32
   -2.78
   -6.86
    1.98
    1.01
   -8.25
    3.14
   -5.02
    6.17
   -5.77
    7.66
   -0.12
   -3.32
    1.61
    6.80
   -4.62
    2.96
    2.55
   -9.17
    2.89
  -11.07
   -8.23
    0.94
    6.79
    7.25
    8.55
    1.72
    3.85
   -8.35
  -10.06
   -4.39
   -7.68
   -4.05
    7.94
  -10.80
   -9.81
   -9.89
    1.39
    1.33
   -7.15
    2.99
   -8.00
    3.18
    0.25
    2.17
   -5.01
    0.22
    3.24
    0.52
   -6.16
    5.90
   -0.50
   -0.37
    9.64
   -2.58
    8.67
    0.18
   -5.33
    3.14
   -3.12
    9.28
    0.42
   -7.84
    0.79
   -5.62
   10.02
   -4.54
    0.88
   -5.61
    4.90
    9.17
   -5.91
   -2.53
   -3.98
    9.51
   -4.04
   -4.20
    9.32
    9.83
    2.02
    7.11
   -4.37
    9.25
   -1.30
   -6.77
   -5.08
    3.46
   -6.63
    5.40
    4.91
    7.16
   -5.92
    6.51
    4.14
   -1.45
    8.40
    0.21
   -0.74
   -4.44
   11.75
   -3.13
    6.89
   -5.95
   -4.83
    6.42
   -0.34
   -2.17
    2.28
    8.13
    6.77
   10.59
    5.79
    7.13
   -1.08
   -0.34
   -6.66
    7.99
    7.42
    1.71
   -7.38
   -5.03
    7.98
    0.28
    6.04
    9.29
   -1.39
    5.16
    4.57
   -6.73
    2.08
    3.74
   11.15
   11.24
    2.63
   -5.87
    3.33
   -2.59
    7.09
   10.19
    5.34
    0.65
    0.46
    8.46
   -0.42
   -4.00
    5.69
    7.01
    7.40
   -6.78
   -1.94
    5.98
    9.32
   -7.88
    3.68
    0.19
   -5.42
   -5.23
   -7.39
   -6.37
   -9.92
    4.63
   -3.84
    5.56
   -1.28
    2.49
   -1.29
   -1.17
   -2.89
    9.34
   -6.17
   -0.10
    2.59
    6.16
   -5.27
    0.69
   -0.27
    0.36
  -10.76
   -7.61
   -3.89
  -10.54
  -11.02
    1.20
   -2.47
   -8.74
    3.01
   -4.26
   -7.41
   -8.83
    5.92
   -3.43
   -3.40
   -3.69
   -9.89
   -2.58
    4.96
    6.45
   -7.43
  -11.59
    5.82
   -8.16
    6.06
   -9.00
    2.11
    8.04
    4.58
   -4.98
   -6.93
   -2.61
   -6.76
    7.33
    5.00
    7.56
   -7.43
    2.62
    1.50
   -3.06
    7.10
    5.81
    3.02
   -3.24
  -11.61
   -3.41
    5.80
    0.28
    2.41
    5.63
   -9.80
  -11.27
   -8.68
   -7.23
  -11.59
    4.15
   -0.46
   -2.96
    1.46
   -0.84
   -5.65
  -11.38
   -4.23
   -6.49
   -9.31
   -7.41
  -11.13
    7.62
   -9.55
   -5.42
   -5.37
    2.84
    6.11
   -1.64
   -2.13
   -1.20
   -1.25
    5.23
    8.23
   -2.64
    0.42
    5.28
    3.57
    3.73
   -9.11
   -9.39
   -7.41
   -5.76
